Module,/veins-4.4/examples/pveins_providencia/results/20Demand_PER10/nodebug-0.sca_nodebug-0-20170616-12:31:48-12816_maxSpeed,/veins-4.4/examples/pveins_providencia/results/20Demand_PER10/nodebug-0.sca_nodebug-0-20170616-12:31:48-12816_minSpeed,/veins-4.4/examples/pveins_providencia/results/20Demand_PER10/nodebug-0.sca_nodebug-0-20170616-12:31:48-12816_startTime,/veins-4.4/examples/pveins_providencia/results/20Demand_PER10/nodebug-0.sca_nodebug-0-20170616-12:31:48-12816_stopTime,/veins-4.4/examples/pveins_providencia/results/20Demand_PER10/nodebug-0.sca_nodebug-0-20170616-12:31:48-12816_totalCO2Emission,/veins-4.4/examples/pveins_providencia/results/20Demand_PER10/nodebug-0.sca_nodebug-0-20170616-12:31:48-12816_totalDistance,/veins-4.4/examples/pveins_providencia/results/20Demand_PER10/nodebug-0.sca_nodebug-0-20170616-12:31:48-12816_totalTime
ProvidenciaExampleScenario.node[11].veinsmobility,16.25,6.9,27008,27029,82.3489,278.286,20.5
ProvidenciaExampleScenario.node[15].veinsmobility,16.5004,6.9,27015,27035.5,84.5189,276.568,20
ProvidenciaExampleScenario.node[0].veinsmobility,18.5987,6.9,27000.5,27049,171.3,769.415,48
ProvidenciaExampleScenario.node[8].veinsmobility,19.5324,6.9,27007,27053.5,182.609,766.922,46
ProvidenciaExampleScenario.node[14].veinsmobility,15.1412,3.5,27014.5,27061,144.861,590.812,46
ProvidenciaExampleScenario.node[13].veinsmobility,16.25,6.9,27010.5,27065,176.325,748.407,54
ProvidenciaExampleScenario.node[9].veinsmobility,16,3.5,27007,27067,186.868,856.048,59.5
ProvidenciaExampleScenario.node[20].veinsmobility,19.6,6.9,27016.5,27068,188.778,747.573,51
ProvidenciaExampleScenario.node[16].veinsmobility,16.7699,3.5,27015,27072,194.957,856.152,56.5
ProvidenciaExampleScenario.node[23].veinsmobility,16.25,6.9,27018.5,27072.5,161.482,749.762,53.5
ProvidenciaExampleScenario.node[5].veinsmobility,15.65,0,27003.5,27073.5,181.848,495.821,69.5
ProvidenciaExampleScenario.node[17].veinsmobility,15.65,0,27015.5,27075.5,165.124,484.049,59.5
ProvidenciaExampleScenario.node[41].veinsmobility,16.25,6.9,27039,27086.5,150.613,638.368,47
ProvidenciaExampleScenario.node[12].veinsmobility,15.65,0,27008,27087.5,183.976,638.673,79
ProvidenciaExampleScenario.node[50].veinsmobility,15.5,5.4,27052,27091.5,128.784,497.032,39
ProvidenciaExampleScenario.node[52].veinsmobility,19.6171,5.7,27052.5,27112,195.283,913.711,59
ProvidenciaExampleScenario.node[112].veinsmobility,15.65,6.9,27103.5,27112.5,37.1136,104.787,8.5
ProvidenciaExampleScenario.node[33].veinsmobility,15.65,0,27031.5,27116.5,148.734,275.172,84.5
ProvidenciaExampleScenario.node[47].veinsmobility,16.4927,7.1,27050,27121.5,201.622,1010.05,71
ProvidenciaExampleScenario.node[70].veinsmobility,15,0,27066.5,27122,110.973,273.15,55
ProvidenciaExampleScenario.node[134].veinsmobility,15.65,6.9,27113.5,27122.5,37.477,105.043,8.5
ProvidenciaExampleScenario.node[4].veinsmobility,16.25,0,27002,27122.5,267.827,1038.94,120
ProvidenciaExampleScenario.node[45].veinsmobility,16.25,6.51785,27049,27126,222.394,1034.84,76.5
ProvidenciaExampleScenario.node[31].veinsmobility,18.15,0,27028.5,27128,267.149,974.817,99
ProvidenciaExampleScenario.node[37].veinsmobility,19.4,0,27034,27129.5,264.363,979.381,95
ProvidenciaExampleScenario.node[28].veinsmobility,19.2353,0,27025.5,27130,301.491,988.139,104
ProvidenciaExampleScenario.node[21].veinsmobility,15.8606,0,27017.5,27136.5,305.86,1190.03,118.5
ProvidenciaExampleScenario.node[22].veinsmobility,22.2389,0,27017.5,27137,324.414,915.166,119
ProvidenciaExampleScenario.node[74].veinsmobility,15.5,0,27068,27137.5,164.62,458.697,69
ProvidenciaExampleScenario.node[96].veinsmobility,15.65,1.24751,27089,27139.5,157.452,621.499,50
ProvidenciaExampleScenario.node[48].veinsmobility,16.25,0,27050.5,27143,257.782,1063.87,92
ProvidenciaExampleScenario.node[78].veinsmobility,16.25,6.9,27071.5,27145,202.714,1034.89,73
ProvidenciaExampleScenario.node[30].veinsmobility,21.9,0,27026.5,27145.5,403.248,1242.67,118.5
ProvidenciaExampleScenario.node[26].veinsmobility,22.75,0,27024,27146,315.765,851.293,121.5
ProvidenciaExampleScenario.node[3].veinsmobility,21.2414,0,27001.5,27146.5,324.081,844.022,144.5
ProvidenciaExampleScenario.node[27].veinsmobility,15.65,0,27024.5,27148,267.503,805.275,123
ProvidenciaExampleScenario.node[67].veinsmobility,20.5,0,27063,27152.5,260.985,764.838,89
ProvidenciaExampleScenario.node[1].veinsmobility,22.5,0,27000.5,27154,469.641,1615.76,153
ProvidenciaExampleScenario.node[73].veinsmobility,19.25,0,27067,27154,234.899,767.987,86.5
ProvidenciaExampleScenario.node[92].veinsmobility,20.1741,0,27087.5,27154,223.142,769.017,66
ProvidenciaExampleScenario.node[43].veinsmobility,18.3017,0,27047,27155.5,249.283,767.695,108
ProvidenciaExampleScenario.node[107].veinsmobility,16.25,3.5,27096.5,27156.5,199.349,857.29,59.5
ProvidenciaExampleScenario.node[66].veinsmobility,16.3243,0,27062.5,27158,225.705,947.702,95
ProvidenciaExampleScenario.node[35].veinsmobility,16.9,0,27033.5,27158.5,254.846,758.943,124.5
ProvidenciaExampleScenario.node[49].veinsmobility,15.65,0,27051,27159.5,254.362,687.054,108
ProvidenciaExampleScenario.node[2].veinsmobility,19,0,27001.5,27160,427.156,1300.35,158
ProvidenciaExampleScenario.node[100].veinsmobility,15.7512,0.872904,27094,27161,186.701,752.113,66.5
ProvidenciaExampleScenario.node[19].veinsmobility,18.5986,0,27016.5,27161,365.401,1420.19,144
ProvidenciaExampleScenario.node[6].veinsmobility,19.4,0,27005.5,27161,413.03,1299.69,155
ProvidenciaExampleScenario.node[99].veinsmobility,15.65,0,27091.5,27161.5,187.274,694.806,69.5
ProvidenciaExampleScenario.node[105].veinsmobility,15.65,0,27095.5,27161.5,186.102,691.916,65.5
ProvidenciaExampleScenario.node[130].veinsmobility,18,5.4,27112.5,27162.5,175.894,767.83,49.5
ProvidenciaExampleScenario.node[175].veinsmobility,19.6,6.03643,27140,27165,89.0928,336.157,24.5
ProvidenciaExampleScenario.node[102].veinsmobility,16.75,0,27095,27166,163.431,498.808,70.5
ProvidenciaExampleScenario.node[58].veinsmobility,19.75,0,27058,27166,268.124,855.203,107.5
ProvidenciaExampleScenario.node[137].veinsmobility,18.75,5.5,27118,27168.5,153.423,659.602,50
ProvidenciaExampleScenario.node[113].veinsmobility,16.0748,6.9,27105.5,27168.5,186.778,855.687,62.5
ProvidenciaExampleScenario.node[54].veinsmobility,17.5,0,27054.5,27169.5,329.558,1131.43,114.5
ProvidenciaExampleScenario.node[79].veinsmobility,18.342,0,27072.5,27170,244.608,859.332,97
ProvidenciaExampleScenario.node[115].veinsmobility,15,3.5,27107.5,27171,185.861,859.424,63
ProvidenciaExampleScenario.node[97].veinsmobility,17.9999,0,27089.5,27172,224.558,875.792,82
ProvidenciaExampleScenario.node[116].veinsmobility,15.7355,4.07639,27108,27172.5,211.002,887.066,64
ProvidenciaExampleScenario.node[145].veinsmobility,16.9,5.07047,27121,27174.5,196.837,693.277,53
ProvidenciaExampleScenario.node[128].veinsmobility,15.65,6.9,27112,27174.5,173.932,857.384,62
ProvidenciaExampleScenario.node[155].veinsmobility,19.2839,6.9,27129,27175.5,184.723,770.608,46
ProvidenciaExampleScenario.node[169].veinsmobility,16.1996,0,27135.5,27176,102.431,273.7,40
ProvidenciaExampleScenario.node[59].veinsmobility,15.65,0,27058.5,27178.5,243.888,646.987,119.5
ProvidenciaExampleScenario.node[65].veinsmobility,19.25,0,27062,27178.5,316.781,978.112,116
ProvidenciaExampleScenario.node[64].veinsmobility,16.6207,0,27061.5,27179,288.193,876.396,117
ProvidenciaExampleScenario.node[131].veinsmobility,19.25,6.9,27112.5,27179.5,249.097,977.757,66.5
ProvidenciaExampleScenario.node[151].veinsmobility,15.2715,2.52147,27125,27180,179.979,700.621,54.5
ProvidenciaExampleScenario.node[25].veinsmobility,15.0988,0,27022,27182,301.758,773.474,159.5
ProvidenciaExampleScenario.node[139].veinsmobility,15.5,3.85658,27118.5,27182,196.839,884.836,63
ProvidenciaExampleScenario.node[53].veinsmobility,19.75,0,27053.5,27183,403.803,1307.74,129
ProvidenciaExampleScenario.node[156].veinsmobility,16.25,6.9,27129.5,27184,172.301,747.007,54
ProvidenciaExampleScenario.node[75].veinsmobility,16.25,0,27068.5,27185,233.221,491.195,116
ProvidenciaExampleScenario.node[34].veinsmobility,22.6772,0,27032,27186,406.857,1050.22,153.5
ProvidenciaExampleScenario.node[167].veinsmobility,17.5,6.9,27134.5,27187.5,175.765,751.16,52.5
ProvidenciaExampleScenario.node[61].veinsmobility,20.4494,0,27059.5,27187.5,291.3,687.941,127.5
ProvidenciaExampleScenario.node[87].veinsmobility,16.25,0,27084.5,27187.5,224.778,489.416,102.5
ProvidenciaExampleScenario.node[174].veinsmobility,18.5562,6.9,27139,27187.5,170.198,767.228,48
ProvidenciaExampleScenario.node[84].veinsmobility,19.327,0,27080.5,27191,265.04,675.072,110
ProvidenciaExampleScenario.node[88].veinsmobility,19.4,0,27085,27191,371.16,1300.52,105.5
ProvidenciaExampleScenario.node[182].veinsmobility,19.3202,6.9,27148,27195,180.481,766.35,46.5
ProvidenciaExampleScenario.node[42].veinsmobility,20.5,0,27040.5,27195.5,418.981,1415.44,154.5
ProvidenciaExampleScenario.node[165].veinsmobility,16,3.5,27134,27196,192.571,860.964,61.5
ProvidenciaExampleScenario.node[46].veinsmobility,18.5,0,27049.5,27202.5,363.054,1211.16,152.5
ProvidenciaExampleScenario.node[60].veinsmobility,17.25,0,27059,27206,313.051,989.031,146.5
ProvidenciaExampleScenario.node[95].veinsmobility,19.25,0,27088.5,27206,283.466,852.672,117
ProvidenciaExampleScenario.node[173].veinsmobility,21.9425,0,27139,27206.5,211.192,686.36,67
ProvidenciaExampleScenario.node[82].veinsmobility,16.3437,0,27077,27207,269.295,928.033,129.5
ProvidenciaExampleScenario.node[103].veinsmobility,16.25,0,27095,27207,248.605,635.363,111.5
ProvidenciaExampleScenario.node[71].veinsmobility,16.25,0,27067,27207,271.509,641.461,139.5
ProvidenciaExampleScenario.node[212].veinsmobility,16.25,6.9,27169,27207,130.522,495.532,37.5
ProvidenciaExampleScenario.node[118].veinsmobility,15,0,27109,27207.5,212.212,662.48,98
ProvidenciaExampleScenario.node[109].veinsmobility,19.1067,0,27100.5,27207.5,276.62,855.468,106.5
ProvidenciaExampleScenario.node[168].veinsmobility,16.25,0,27135,27209,182.296,640.379,73.5
ProvidenciaExampleScenario.node[110].veinsmobility,15.734,0,27101.5,27209,234.704,638.332,107
ProvidenciaExampleScenario.node[179].veinsmobility,16.25,0,27145.5,27209,179.613,637.886,63
ProvidenciaExampleScenario.node[159].veinsmobility,18.5,6.33552,27131.5,27211,263.996,1099.04,79
ProvidenciaExampleScenario.node[160].veinsmobility,18,0,27131.5,27211,231.218,866.26,79
ProvidenciaExampleScenario.node[29].veinsmobility,15.65,0,27025.5,27213.5,408.967,1482.87,187.5
ProvidenciaExampleScenario.node[161].veinsmobility,18,6.96669,27132,27214.5,272.202,1148.4,82
ProvidenciaExampleScenario.node[117].veinsmobility,16.4144,0,27108.5,27215,256.567,994.882,106
ProvidenciaExampleScenario.node[62].veinsmobility,22.5,0,27061,27215.5,422.851,1469.47,154
ProvidenciaExampleScenario.node[89].veinsmobility,16.25,0,27085,27223,333.511,1126.41,137.5
ProvidenciaExampleScenario.node[185].veinsmobility,16.9,6.9,27150,27223.5,210.879,986.877,73
ProvidenciaExampleScenario.node[80].veinsmobility,16.9,0,27075,27224,352.158,1141.7,148.5
ProvidenciaExampleScenario.node[150].veinsmobility,15.5,0,27125,27224,204.436,684.716,98.5
ProvidenciaExampleScenario.node[144].veinsmobility,15.3,0,27120,27224.5,236.386,677.109,104
ProvidenciaExampleScenario.node[187].veinsmobility,15.85,0,27151.5,27226,181.6,678.698,74
ProvidenciaExampleScenario.node[217].veinsmobility,16.25,0,27174.5,27228,125.686,270.942,53
ProvidenciaExampleScenario.node[190].veinsmobility,15.85,1.11659,27155,27228.5,180.411,679.519,73
ProvidenciaExampleScenario.node[123].veinsmobility,16.25,0,27110.5,27229,316.409,1358.81,118
ProvidenciaExampleScenario.node[178].veinsmobility,16.2,0,27142,27233,262.747,858.544,90.5
ProvidenciaExampleScenario.node[114].veinsmobility,16,0,27106,27233,319.6,1063.31,126.5
ProvidenciaExampleScenario.node[69].veinsmobility,16.6389,0,27065.5,27233.5,383.857,1071.45,167.5
ProvidenciaExampleScenario.node[68].veinsmobility,21.9686,0,27064.5,27235,399.224,1073.44,170
ProvidenciaExampleScenario.node[180].veinsmobility,16.2887,0,27145.5,27235,262.027,881.038,89
ProvidenciaExampleScenario.node[101].veinsmobility,21.5417,0,27094.5,27235.5,370.791,1063.38,140.5
ProvidenciaExampleScenario.node[194].veinsmobility,17.45,0,27157.5,27235.5,241.45,864.445,77.5
ProvidenciaExampleScenario.node[171].veinsmobility,21.5836,0,27136.5,27237,291.091,1062.98,100
ProvidenciaExampleScenario.node[206].veinsmobility,15.9127,6.9,27164.5,27237.5,192.766,989.605,72.5
ProvidenciaExampleScenario.node[93].veinsmobility,21.5,0,27088,27238,363.713,1066.41,149.5
ProvidenciaExampleScenario.node[203].veinsmobility,16.5301,0,27163,27238,247.814,861.578,74.5
ProvidenciaExampleScenario.node[133].veinsmobility,21.178,0,27113.5,27238.5,318.376,1064.63,124.5
ProvidenciaExampleScenario.node[246].veinsmobility,16.9163,4.66037,27185,27240.5,168.63,688.609,55
ProvidenciaExampleScenario.node[172].veinsmobility,21,0,27138,27241,323.641,1065.63,102.5
ProvidenciaExampleScenario.node[243].veinsmobility,16.5841,3.5,27182,27242,210.132,864.078,59.5
ProvidenciaExampleScenario.node[77].veinsmobility,21.25,0,27070,27242.5,438.579,1114.37,172
ProvidenciaExampleScenario.node[104].veinsmobility,16.5,0,27095,27243,352.361,1162.19,147.5
ProvidenciaExampleScenario.node[146].veinsmobility,15.65,0,27121.5,27244.5,265.654,1030.17,122.5
ProvidenciaExampleScenario.node[10].veinsmobility,21.6116,0,27007,27245,497.368,1321.54,237.5
ProvidenciaExampleScenario.node[39].veinsmobility,18.5,0,27037,27246.5,448.43,1096.08,209
ProvidenciaExampleScenario.node[36].veinsmobility,18.8757,0,27033.5,27246.5,482.726,1747.8,212.5
ProvidenciaExampleScenario.node[63].veinsmobility,18,0,27061,27247.5,448.058,1327.68,186
ProvidenciaExampleScenario.node[198].veinsmobility,18.15,0,27160,27248.5,239.956,977.096,88
ProvidenciaExampleScenario.node[120].veinsmobility,17.4692,0,27109,27249,390.433,1363.71,139.5
ProvidenciaExampleScenario.node[152].veinsmobility,19.4884,0,27127,27249,335.022,1052.67,121.5
ProvidenciaExampleScenario.node[129].veinsmobility,19.75,0,27112.5,27250,340.093,993.13,137
ProvidenciaExampleScenario.node[40].veinsmobility,18.811,0,27037.5,27250.5,453.763,1137.89,212.5
ProvidenciaExampleScenario.node[38].veinsmobility,21.3461,0,27036,27252,505.865,1280.8,215.5
ProvidenciaExampleScenario.node[18].veinsmobility,22.25,0,27016,27253,608.091,1409.66,236.5
ProvidenciaExampleScenario.node[262].veinsmobility,16.25,0,27200,27253.5,127.945,279.885,53
ProvidenciaExampleScenario.node[322].veinsmobility,15.65,6.9,27244.5,27253.5,37.9131,104.936,8.5
ProvidenciaExampleScenario.node[258].veinsmobility,16.4313,3.5,27195,27256,204.801,863.068,60.5
ProvidenciaExampleScenario.node[204].veinsmobility,21.9,0,27163,27256.5,313.749,913.068,93
ProvidenciaExampleScenario.node[308].veinsmobility,16.25,6.9,27236.5,27258,87.3569,277.466,21
ProvidenciaExampleScenario.node[32].veinsmobility,15.6213,0,27029,27258.5,477.262,1545.08,229
ProvidenciaExampleScenario.node[132].veinsmobility,16.25,0,27113,27259,273.554,624.678,145.5
ProvidenciaExampleScenario.node[248].veinsmobility,16.25,0,27186.5,27259.5,183.56,623.906,72.5
ProvidenciaExampleScenario.node[220].veinsmobility,21.6136,0,27176,27260,301.216,918.252,83.5
ProvidenciaExampleScenario.node[138].veinsmobility,16.25,0,27118.5,27261,267.374,621.046,142
ProvidenciaExampleScenario.node[300].veinsmobility,15.5,5.5,27229,27263.5,117.129,455.604,34
ProvidenciaExampleScenario.node[265].veinsmobility,15.1959,3.5,27202.5,27265.5,186.915,856.943,62.5
ProvidenciaExampleScenario.node[154].veinsmobility,16.25,0,27128.5,27268,365.697,1182.82,139
ProvidenciaExampleScenario.node[44].veinsmobility,16,0,27047.5,27268.5,559.636,1848.71,220.5
ProvidenciaExampleScenario.node[158].veinsmobility,15.65,0,27131.5,27270.5,381.546,1462.94,138.5
ProvidenciaExampleScenario.node[55].veinsmobility,15.65,0,27055.5,27270.5,523.956,1848.83,214.5
ProvidenciaExampleScenario.node[287].veinsmobility,16.25,5.4,27220.5,27270.5,153.53,663.44,49.5
ProvidenciaExampleScenario.node[127].veinsmobility,16.3189,0,27112,27272,461.22,1847.87,159.5
ProvidenciaExampleScenario.node[229].veinsmobility,20.7409,0,27180,27272.5,256.029,766.95,92
ProvidenciaExampleScenario.node[200].veinsmobility,19.75,0,27161,27273,273.716,765.391,111.5
ProvidenciaExampleScenario.node[215].veinsmobility,19.75,0,27171.5,27273.5,264.875,772.774,101.5
ProvidenciaExampleScenario.node[94].veinsmobility,15.65,0,27088,27274,331.34,901.405,185.5
ProvidenciaExampleScenario.node[135].veinsmobility,18.75,0,27115.5,27274.5,418.489,1431.66,158.5
ProvidenciaExampleScenario.node[282].veinsmobility,16.25,6.9,27218,27275,181.127,796.115,56.5
ProvidenciaExampleScenario.node[218].veinsmobility,19.6481,0,27174.5,27275,248.585,774.697,100
ProvidenciaExampleScenario.node[266].veinsmobility,18.4258,0,27205.5,27275.5,207.131,768.788,69.5
ProvidenciaExampleScenario.node[256].veinsmobility,19.3678,0,27193,27276.5,230.713,774.831,83
ProvidenciaExampleScenario.node[252].veinsmobility,18.7443,0,27189.5,27276.5,221.435,772.068,86.5
ProvidenciaExampleScenario.node[273].veinsmobility,20.0692,0,27209.5,27277,210.739,769.163,67
ProvidenciaExampleScenario.node[202].veinsmobility,16.25,0,27163,27278,287.874,694.73,114.5
ProvidenciaExampleScenario.node[263].veinsmobility,18.0426,0,27202,27278,205.348,770.694,75.5
ProvidenciaExampleScenario.node[272].veinsmobility,15.65,0.959839,27208.5,27278.5,199.272,691.99,69.5
ProvidenciaExampleScenario.node[181].veinsmobility,16.25,0,27147.5,27279.5,297.804,693.4,131.5
ProvidenciaExampleScenario.node[197].veinsmobility,16.9,0,27159,27279.5,256.26,753.019,120
ProvidenciaExampleScenario.node[279].veinsmobility,18.6583,1.10225,27214,27279.5,198.296,769.924,65
ProvidenciaExampleScenario.node[219].veinsmobility,16.9,0,27175.5,27280,255.338,950.421,104
ProvidenciaExampleScenario.node[148].veinsmobility,19.4,0,27122.5,27280,435.201,1300.57,157
ProvidenciaExampleScenario.node[355].veinsmobility,15.65,6.9,27271.5,27280.5,37.9131,104.936,8.5
ProvidenciaExampleScenario.node[244].veinsmobility,15.65,0,27182.5,27281.5,225.515,753.854,98.5
ProvidenciaExampleScenario.node[192].veinsmobility,19.4,0,27157,27281.5,373.555,1299.87,124
ProvidenciaExampleScenario.node[176].veinsmobility,19.5553,0,27140.5,27282,425.86,1304.05,141
ProvidenciaExampleScenario.node[261].veinsmobility,15.8843,0,27198.5,27282.5,210.318,755.648,83.5
ProvidenciaExampleScenario.node[191].veinsmobility,19.4,-1.55663,27155.5,27282.5,404.608,1299.89,126.5
ProvidenciaExampleScenario.node[254].veinsmobility,15.9832,0,27190.5,27284.5,216.492,754.348,93.5
ProvidenciaExampleScenario.node[201].veinsmobility,18.4756,0,27162.5,27285.5,358.169,1310.54,122.5
ProvidenciaExampleScenario.node[317].veinsmobility,20.0895,5.11682,27240.5,27286,197.449,763.248,45
ProvidenciaExampleScenario.node[278].veinsmobility,15.65,0,27210.5,27287,206.599,699.795,76
ProvidenciaExampleScenario.node[295].veinsmobility,15.25,0,27225.5,27289.5,176.318,595.583,63.5
ProvidenciaExampleScenario.node[121].veinsmobility,19.25,0,27109.5,27289.5,442.196,1561.21,179.5
ProvidenciaExampleScenario.node[125].veinsmobility,16.4444,0,27111,27290,374.616,1082.68,178.5
ProvidenciaExampleScenario.node[320].veinsmobility,19.25,6.9,27244,27290.5,182.503,771.884,46
ProvidenciaExampleScenario.node[162].veinsmobility,15.7564,0,27132.5,27291.5,300.283,645.315,158.5
ProvidenciaExampleScenario.node[208].veinsmobility,16.9,0,27166.5,27291.5,323.15,1125.69,124.5
ProvidenciaExampleScenario.node[76].veinsmobility,16.2186,0,27068.5,27291.5,519.891,1519.68,222.5
ProvidenciaExampleScenario.node[91].veinsmobility,16.2766,0,27086.5,27292,505.185,1744.29,205
ProvidenciaExampleScenario.node[85].veinsmobility,16.3721,0,27080.5,27293,516.848,1522.31,212
ProvidenciaExampleScenario.node[285].veinsmobility,15.65,0,27219.5,27293.5,161.24,648.824,73.5
ProvidenciaExampleScenario.node[245].veinsmobility,16.9,0,27183,27293.5,279.11,870.007,110
ProvidenciaExampleScenario.node[136].veinsmobility,15.9116,0,27117,27295.5,446.801,1519.36,178
ProvidenciaExampleScenario.node[326].veinsmobility,18.552,6.9,27248,27296,173.377,768.371,47.5
ProvidenciaExampleScenario.node[277].veinsmobility,15.65,0,27210.5,27297.5,198.814,495.152,86.5
ProvidenciaExampleScenario.node[291].veinsmobility,19.25,3.02768,27223.5,27300.5,242.925,974.136,76.5
ProvidenciaExampleScenario.node[334].veinsmobility,19.9141,6.9,27255,27301,190.169,771.006,45.5
ProvidenciaExampleScenario.node[226].veinsmobility,20.65,0,27179,27302,409.376,1304.36,122.5
ProvidenciaExampleScenario.node[348].veinsmobility,17.5,6.9,27266,27302.5,145.424,491.827,36
ProvidenciaExampleScenario.node[223].veinsmobility,19.4,0,27177,27303.5,382.133,1297.6,126
ProvidenciaExampleScenario.node[339].veinsmobility,19.25,6.9,27256.5,27304,179.105,775.062,47
ProvidenciaExampleScenario.node[330].veinsmobility,17.5,6.9,27254,27305,204.1,693.16,50.5
ProvidenciaExampleScenario.node[209].veinsmobility,17.7064,0,27167,27308.5,298.199,679.8,141
ProvidenciaExampleScenario.node[253].veinsmobility,19.25,0,27189.5,27311,375.271,1299.4,121
ProvidenciaExampleScenario.node[269].veinsmobility,19.4444,0,27206.5,27313.5,382.402,1299.82,106.5
ProvidenciaExampleScenario.node[360].veinsmobility,15.5,5.5,27276,27314.5,114.671,484.535,38
ProvidenciaExampleScenario.node[241].veinsmobility,18.5,0,27180.5,27315,318.6,899.994,134
ProvidenciaExampleScenario.node[106].veinsmobility,18.5,0,27095.5,27316,478.135,1324.18,220
ProvidenciaExampleScenario.node[352].veinsmobility,19.6592,6.9,27269.5,27316,186.844,770.679,46
ProvidenciaExampleScenario.node[122].veinsmobility,21.2222,-1.80574,27109.5,27318.5,526.92,1106.23,208.5
ProvidenciaExampleScenario.node[292].veinsmobility,20.2,0,27224,27318.5,290.992,682.642,94
ProvidenciaExampleScenario.node[225].veinsmobility,16.5205,0,27177.5,27321,350.882,1034.35,143
ProvidenciaExampleScenario.node[310].veinsmobility,16.2,0,27237.5,27323,254.181,859.781,85
ProvidenciaExampleScenario.node[214].veinsmobility,17.75,0,27170.5,27323,360.248,1064.16,152
ProvidenciaExampleScenario.node[189].veinsmobility,16.2,-0.479612,27153.5,27323,379.944,1038,169
ProvidenciaExampleScenario.node[196].veinsmobility,17.45,0,27158.5,27324.5,374.807,1083.14,165.5
ProvidenciaExampleScenario.node[350].veinsmobility,19.4833,0,27266.5,27325,182.794,650.771,58
ProvidenciaExampleScenario.node[301].veinsmobility,16.25,0,27229.5,27325,281.878,1069.31,95
ProvidenciaExampleScenario.node[257].veinsmobility,16.25,0,27194,27327,263.565,635.447,132.5
ProvidenciaExampleScenario.node[260].veinsmobility,16.25,0,27198.5,27327,254.881,641.132,128
ProvidenciaExampleScenario.node[281].veinsmobility,15.5,0,27214.5,27327.5,226.605,677.611,112.5
ProvidenciaExampleScenario.node[72].veinsmobility,22.5,0,27067,27328.5,747.071,2631.32,261
ProvidenciaExampleScenario.node[250].veinsmobility,16.35,0,27188,27329,271.741,639.724,140.5
ProvidenciaExampleScenario.node[271].veinsmobility,16.05,0,27208.5,27330,243.754,659.866,121
ProvidenciaExampleScenario.node[268].veinsmobility,15.85,0,27206.5,27330.5,246.619,634.241,123.5
ProvidenciaExampleScenario.node[307].veinsmobility,16.25,0,27236,27331.5,213.172,640.227,95
ProvidenciaExampleScenario.node[319].veinsmobility,15.85,0,27244,27331.5,215.677,640.671,87
ProvidenciaExampleScenario.node[224].veinsmobility,16.25,0,27177.5,27332.5,397.229,1159.13,154.5
ProvidenciaExampleScenario.node[331].veinsmobility,16.5,0,27254,27332.5,266.754,896.969,78
ProvidenciaExampleScenario.node[312].veinsmobility,16.25,0,27240,27333,271.29,883.465,92.5
ProvidenciaExampleScenario.node[362].veinsmobility,15.0568,3.64557,27276.5,27333.5,152.168,638.96,56.5
ProvidenciaExampleScenario.node[316].veinsmobility,15.95,0,27240,27335.5,221.826,680.992,95
ProvidenciaExampleScenario.node[343].veinsmobility,16.5,0,27260,27337,248.39,880.559,76.5
ProvidenciaExampleScenario.node[147].veinsmobility,15.2009,-0.490048,27122.5,27339,429.74,1339.36,216
ProvidenciaExampleScenario.node[299].veinsmobility,16.75,0,27229,27342.5,337.03,1552.63,113
ProvidenciaExampleScenario.node[264].veinsmobility,15.65,0,27202.5,27342.5,310.205,1128.41,139.5
ProvidenciaExampleScenario.node[124].veinsmobility,21.9,0,27110.5,27343.5,530.837,1134.07,232.5
ProvidenciaExampleScenario.node[210].veinsmobility,16.5,-1.30534,27168,27343.5,439.196,1359.18,175
ProvidenciaExampleScenario.node[327].veinsmobility,15.5,0,27249,27344,196.449,678.282,94.5
ProvidenciaExampleScenario.node[270].veinsmobility,15,0,27207.5,27344.5,285.637,1129.68,136.5
ProvidenciaExampleScenario.node[221].veinsmobility,20.9459,0,27176.5,27345.5,397.838,1140.73,168.5
ProvidenciaExampleScenario.node[242].veinsmobility,22.5,0,27182,27345.5,415.631,1481.53,163
ProvidenciaExampleScenario.node[302].veinsmobility,17.1,0,27230,27346,330.075,1084.63,115.5
ProvidenciaExampleScenario.node[235].veinsmobility,15.5046,0,27180,27347,343.595,1041.55,166.5
ProvidenciaExampleScenario.node[255].veinsmobility,22.3929,0,27191.5,27354.5,402.853,1067.88,162.5
ProvidenciaExampleScenario.node[213].veinsmobility,20.6979,0,27169.5,27356,412.071,1063.54,186
ProvidenciaExampleScenario.node[296].veinsmobility,17.1287,0,27226,27357,358.193,1326.24,130.5
ProvidenciaExampleScenario.node[195].veinsmobility,21.4178,0,27158,27357.5,398.023,1061.53,199
ProvidenciaExampleScenario.node[240].veinsmobility,23.5,-1.36945,27180.5,27358,420.479,1064.95,177
ProvidenciaExampleScenario.node[335].veinsmobility,16.3626,0,27255,27359.5,320.843,1124.35,104
ProvidenciaExampleScenario.node[57].veinsmobility,16.9,0,27057.5,27360.5,672.294,1864.84,302.5
ProvidenciaExampleScenario.node[90].veinsmobility,15.65,0,27086,27361,623.346,1854.11,274.5
ProvidenciaExampleScenario.node[338].veinsmobility,20.4701,0,27256.5,27361.5,320.29,1055.8,104.5
ProvidenciaExampleScenario.node[140].veinsmobility,15.65,0,27120,27361.5,528.937,1962.78,241
ProvidenciaExampleScenario.node[289].veinsmobility,17.1,0,27223,27361.5,289.234,1035.03,138
ProvidenciaExampleScenario.node[157].veinsmobility,16.25,-0.793213,27129.5,27362.5,566.403,1856.28,232.5
ProvidenciaExampleScenario.node[211].veinsmobility,16.6421,0,27168.5,27363,480.452,1743.05,194
ProvidenciaExampleScenario.node[83].veinsmobility,15.65,0,27079.5,27363.5,611.416,1856.52,283.5
ProvidenciaExampleScenario.node[283].veinsmobility,15.6883,0,27218.5,27364.5,391.231,1564.29,145.5
ProvidenciaExampleScenario.node[119].veinsmobility,16.25,0,27109,27364.5,586.536,1853.88,255
ProvidenciaExampleScenario.node[98].veinsmobility,16.9,0,27090.5,27364.5,615.748,1851.61,273.5
ProvidenciaExampleScenario.node[126].veinsmobility,15.359,0,27111,27365.5,555.147,1754.03,254
ProvidenciaExampleScenario.node[275].veinsmobility,16.75,0,27209.5,27367,420.507,1426.47,157
ProvidenciaExampleScenario.node[81].veinsmobility,22.25,0,27076,27367.5,736.274,2340.4,291
ProvidenciaExampleScenario.node[344].veinsmobility,19.0879,0,27262,27368,249.824,679.535,105.5
ProvidenciaExampleScenario.node[177].veinsmobility,15.65,0,27141,27369,486.699,1947.33,227.5
ProvidenciaExampleScenario.node[369].veinsmobility,18.936,0,27286.5,27369.5,227.359,678.173,82.5
ProvidenciaExampleScenario.node[183].veinsmobility,21,0,27148.5,27369.5,550.821,1360.15,220.5
ProvidenciaExampleScenario.node[249].veinsmobility,19.5125,0,27187,27370,472.368,1568.41,182.5
ProvidenciaExampleScenario.node[24].veinsmobility,18.5,0,27018.5,27370,724.282,1771.13,351
ProvidenciaExampleScenario.node[384].veinsmobility,19.2023,0,27294.5,27370,210.624,627.243,75
ProvidenciaExampleScenario.node[205].veinsmobility,19.1928,0,27163.5,27370,429.345,1125.95,206
ProvidenciaExampleScenario.node[401].veinsmobility,16.25,3.5,27309.5,27370,199.597,862.948,60
ProvidenciaExampleScenario.node[286].veinsmobility,22.5,0,27220,27370.5,459.228,1281.13,150
ProvidenciaExampleScenario.node[321].veinsmobility,21.6232,0,27244,27370.5,321.773,843.354,126
ProvidenciaExampleScenario.node[349].veinsmobility,19.1652,0,27266.5,27371.5,257.774,679.068,104.5
ProvidenciaExampleScenario.node[311].veinsmobility,16.5,0,27238.5,27371.5,386.15,1565.39,132.5
ProvidenciaExampleScenario.node[108].veinsmobility,22.25,0,27097.5,27372,747.54,2357.05,274
ProvidenciaExampleScenario.node[298].veinsmobility,22.5,0,27229,27372.5,452.303,1286.59,143
ProvidenciaExampleScenario.node[303].veinsmobility,23.15,0,27230.5,27373,478.179,1422.01,142
ProvidenciaExampleScenario.node[449].veinsmobility,16.25,0,27343,27373.5,122.257,281.896,30
ProvidenciaExampleScenario.node[409].veinsmobility,16.25,0,27316.5,27373.5,132.03,282.845,56.5
ProvidenciaExampleScenario.node[325].veinsmobility,21.25,0,27247.5,27373.5,380.419,1279.81,125.5
ProvidenciaExampleScenario.node[234].veinsmobility,17.7031,0,27180,27374.5,423.499,1319.17,194
ProvidenciaExampleScenario.node[408].veinsmobility,16.25,5.5,27313.5,27376,200.707,892.676,62
ProvidenciaExampleScenario.node[267].veinsmobility,23.35,0,27206,27376.5,419.409,908.063,170
ProvidenciaExampleScenario.node[364].veinsmobility,19.1341,0,27281,27377.5,297.777,909.484,96
ProvidenciaExampleScenario.node[227].veinsmobility,16.25,0,27179.5,27378.5,504.195,1758.95,198.5
ProvidenciaExampleScenario.node[336].veinsmobility,20,0,27255,27379,438.803,1535.98,123.5
ProvidenciaExampleScenario.node[341].veinsmobility,16.25,0,27258,27379,246.858,624.474,120.5
ProvidenciaExampleScenario.node[346].veinsmobility,16.3264,0,27263.5,27379,242.507,624.261,115
ProvidenciaExampleScenario.node[228].veinsmobility,19.4,0,27179.5,27379,479.83,1580.2,199
ProvidenciaExampleScenario.node[142].veinsmobility,15.05,0,27120,27380,576.635,1912.11,259.5
ProvidenciaExampleScenario.node[393].veinsmobility,16.25,0,27301.5,27381,210.873,623.965,79
ProvidenciaExampleScenario.node[7].veinsmobility,16.5108,0,27006.5,27381,826.682,2666.46,374
ProvidenciaExampleScenario.node[416].veinsmobility,16.5835,6.9,27323,27381.5,202.297,799.207,58
ProvidenciaExampleScenario.node[354].veinsmobility,21.15,0,27271,27382,324.974,909.702,110.5
ProvidenciaExampleScenario.node[440].veinsmobility,15,5.4,27337.5,27387,139.636,623.949,49
ProvidenciaExampleScenario.node[351].veinsmobility,19.25,0,27269,27387.5,285.103,990.762,118
ProvidenciaExampleScenario.node[164].veinsmobility,16,0,27134,27388.5,611.684,1834.83,254
ProvidenciaExampleScenario.node[56].veinsmobility,15.1257,0,27056.5,27389.5,641.956,1716.17,332.5
ProvidenciaExampleScenario.node[163].veinsmobility,17.25,0,27133,27389.5,626.884,1874.57,256
ProvidenciaExampleScenario.node[294].veinsmobility,16.25,0,27225.5,27390.5,481.79,1847.03,164.5
ProvidenciaExampleScenario.node[290].veinsmobility,21,0,27223.5,27391,403.72,1299.92,167
ProvidenciaExampleScenario.node[188].veinsmobility,16.25,0,27152.5,27391,591.696,1857.92,238
ProvidenciaExampleScenario.node[435].veinsmobility,22.6091,-2.42774,27335,27392.5,209.632,481.873,57
ProvidenciaExampleScenario.node[288].veinsmobility,19.25,0,27221.5,27394,471.379,1610.96,172
ProvidenciaExampleScenario.node[402].veinsmobility,19.25,0,27311.5,27394,232.589,767.245,82
ProvidenciaExampleScenario.node[259].veinsmobility,21.7711,0,27197,27394.5,523.86,1616.54,197
ProvidenciaExampleScenario.node[400].veinsmobility,18.5,0,27309,27394.5,234.851,768.613,85
ProvidenciaExampleScenario.node[406].veinsmobility,19.2317,0,27313,27395,238.624,766.537,81.5
ProvidenciaExampleScenario.node[426].veinsmobility,18.8105,0,27330,27395.5,207.902,769.705,65
ProvidenciaExampleScenario.node[375].veinsmobility,15.8372,0,27289.5,27396,240.859,949.467,106
ProvidenciaExampleScenario.node[432].veinsmobility,18.4768,2.21093,27333.5,27396,205.649,778.526,62
ProvidenciaExampleScenario.node[441].veinsmobility,19.4921,2.87557,27338,27397,199.994,770.895,58.5
ProvidenciaExampleScenario.node[414].veinsmobility,18.5664,0,27322,27398,208.446,768.212,75.5
ProvidenciaExampleScenario.node[363].veinsmobility,15.65,0,27277,27398.5,274.464,686.891,121
ProvidenciaExampleScenario.node[399].veinsmobility,15,0,27308.5,27398.5,233.921,688.139,89.5
ProvidenciaExampleScenario.node[451].veinsmobility,18.9664,5.4,27344.5,27398.5,187.053,764.739,53.5
ProvidenciaExampleScenario.node[280].veinsmobility,19,0,27214,27399.5,448.712,1295.55,185
ProvidenciaExampleScenario.node[457].veinsmobility,19.25,5.4,27350.5,27401,169.013,765.8,50
ProvidenciaExampleScenario.node[367].veinsmobility,19.4,0,27284,27402.5,362.765,1295,118
ProvidenciaExampleScenario.node[465].veinsmobility,19.4584,5.4,27355,27403,180.491,768.309,47.5
ProvidenciaExampleScenario.node[459].veinsmobility,19.6042,6.9,27351,27403,189.613,785.882,51.5
ProvidenciaExampleScenario.node[274].veinsmobility,18,0,27209.5,27403.5,455.879,1303.92,193.5
ProvidenciaExampleScenario.node[374].veinsmobility,19.25,0,27289,27404,353.072,1293.37,114.5
ProvidenciaExampleScenario.node[345].veinsmobility,16.6784,0,27262.5,27404.5,335.751,873.572,141.5
ProvidenciaExampleScenario.node[323].veinsmobility,18.7116,-2.01882,27246,27405,426.172,1300.94,158.5
ProvidenciaExampleScenario.node[466].veinsmobility,15.0134,0,27356,27406,95.2465,275.275,49.5
ProvidenciaExampleScenario.node[359].veinsmobility,19.4,0,27275,27406,393.009,1301.2,130.5
ProvidenciaExampleScenario.node[467].veinsmobility,19.25,4.60993,27356,27406.5,191.273,774.488,50
ProvidenciaExampleScenario.node[439].veinsmobility,16.25,0,27337.5,27407.5,196.441,743.41,69.5
ProvidenciaExampleScenario.node[333].veinsmobility,15.65,0,27255,27407.5,326.546,1077.08,152
ProvidenciaExampleScenario.node[394].veinsmobility,16.25,0,27301.5,27408.5,240.554,765.818,106.5
ProvidenciaExampleScenario.node[469].veinsmobility,18,5.4,27359,27408.5,167.92,767.875,49
ProvidenciaExampleScenario.node[413].veinsmobility,15.7778,0,27321,27409,202.617,490.76,87.5
ProvidenciaExampleScenario.node[450].veinsmobility,16.25,3.3736,27343.5,27410,207.635,746.458,66
ProvidenciaExampleScenario.node[485].veinsmobility,18.6836,6.9,27361.5,27410.5,171.481,777.2,48.5
ProvidenciaExampleScenario.node[411].veinsmobility,16.9,0,27317.5,27411,218.896,484.649,93
ProvidenciaExampleScenario.node[356].veinsmobility,16.3712,-0.377577,27272.5,27412.5,328.082,1039.09,139.5
ProvidenciaExampleScenario.node[276].veinsmobility,15.65,0,27210,27413,467.123,1738.4,202.5
ProvidenciaExampleScenario.node[305].veinsmobility,16.0748,0,27231.5,27413,406.365,1129.4,181
ProvidenciaExampleScenario.node[309].veinsmobility,18.5,0,27236.5,27413,408.85,1076.58,176
ProvidenciaExampleScenario.node[483].veinsmobility,17.5,6.9,27360.5,27413.5,177.41,752.421,52.5
ProvidenciaExampleScenario.node[491].veinsmobility,19.4954,6.9,27367.5,27414,187.204,773.282,46
ProvidenciaExampleScenario.node[494].veinsmobility,20.5,6.9,27369,27414,189.63,763.984,44.5
ProvidenciaExampleScenario.node[460].veinsmobility,15.85,0,27351.5,27414.5,172.064,501.654,62.5
ProvidenciaExampleScenario.node[415].veinsmobility,17.3592,0,27322,27414.5,271.307,1037.97,92
ProvidenciaExampleScenario.node[392].veinsmobility,15.65,0,27301,27415.5,293.299,1065.4,114
ProvidenciaExampleScenario.node[452].veinsmobility,19.25,0,27344.5,27417,256.606,976.007,72
ProvidenciaExampleScenario.node[427].veinsmobility,16.2,0,27330,27417,259.552,869.345,86.5
ProvidenciaExampleScenario.node[455].veinsmobility,19.2973,2.91773,27347,27418,250.604,975.39,70.5
ProvidenciaExampleScenario.node[456].veinsmobility,15.5,0,27350,27418,172.686,486.414,67.5
ProvidenciaExampleScenario.node[431].veinsmobility,15,0,27333.5,27419,214.847,874.505,85
ProvidenciaExampleScenario.node[438].veinsmobility,16,1.05088,27337,27419.5,250.349,862.129,82
ProvidenciaExampleScenario.node[141].veinsmobility,15.75,0,27120,27421,640.45,1918.65,300.5
ProvidenciaExampleScenario.node[502].veinsmobility,17.5,5.5,27374,27421,152.418,657.936,46.5
ProvidenciaExampleScenario.node[501].veinsmobility,15.5,3.7,27374,27421,134.998,492.144,46.5
ProvidenciaExampleScenario.node[434].veinsmobility,19.4,0,27334,27421.5,288.365,980.414,87
ProvidenciaExampleScenario.node[216].veinsmobility,21.2,0,27172.5,27422,561.983,1774.27,249
ProvidenciaExampleScenario.node[490].veinsmobility,16,3.5,27366.5,27427.5,193.941,858.996,60.5
ProvidenciaExampleScenario.node[504].veinsmobility,20,5.5,27374.5,27430,193.859,861.635,55
ProvidenciaExampleScenario.node[506].veinsmobility,19.0902,4.65633,27377,27431,182.736,742.808,53.5
ProvidenciaExampleScenario.node[445].veinsmobility,20.3636,0,27341.5,27431.5,263.019,680.656,89.5
ProvidenciaExampleScenario.node[464].veinsmobility,19.25,6.9,27353,27432.5,315.804,1297.67,79
ProvidenciaExampleScenario.node[337].veinsmobility,18.5232,0,27255.5,27433.5,397.373,1048.49,177.5
ProvidenciaExampleScenario.node[521].veinsmobility,18.9382,6.9,27386.5,27434,173.409,764.219,47
ProvidenciaExampleScenario.node[442].veinsmobility,17.7294,0,27340,27434.5,234.366,679.794,94
ProvidenciaExampleScenario.node[373].veinsmobility,23.2056,0,27288,27435,454.642,1103.15,146.5
ProvidenciaExampleScenario.node[389].veinsmobility,14.85,0,27300,27442,273.986,689.104,141.5
ProvidenciaExampleScenario.node[556].veinsmobility,21.25,6.9,27412.5,27442,142.712,476.288,29
ProvidenciaExampleScenario.node[293].veinsmobility,16.4,0,27225,27442,403.596,1057.72,216.5
ProvidenciaExampleScenario.node[382].veinsmobility,15.7056,0,27294,27442.5,322.929,1060.9,148
ProvidenciaExampleScenario.node[387].veinsmobility,15.65,0,27296,27444.5,282.795,1056.8,148
ProvidenciaExampleScenario.node[405].veinsmobility,18.5,0,27312.5,27444.5,317.264,991.556,131.5
ProvidenciaExampleScenario.node[186].veinsmobility,16.25,-4.001,27151.5,27446.5,673.813,1934.69,294.5
ProvidenciaExampleScenario.node[428].veinsmobility,18.1072,0,27331,27446.5,280.095,988.197,115
ProvidenciaExampleScenario.node[385].veinsmobility,16.25,0,27295,27447,304.521,889.441,151.5
ProvidenciaExampleScenario.node[422].veinsmobility,16.25,0,27326,27447,238.236,673.218,120.5
ProvidenciaExampleScenario.node[462].veinsmobility,17.5,0,27352,27447,234.451,641,94.5
ProvidenciaExampleScenario.node[429].veinsmobility,15.65,0,27331,27447.5,242.288,638.471,116
ProvidenciaExampleScenario.node[397].veinsmobility,18.0185,0,27307.5,27448,300.495,852.67,140
ProvidenciaExampleScenario.node[376].veinsmobility,16.25,0,27290.5,27448.5,320.978,888.519,157.5
ProvidenciaExampleScenario.node[398].veinsmobility,16.25,0,27308.5,27449,264.937,640.696,140
ProvidenciaExampleScenario.node[486].veinsmobility,16.25,-2.70591,27363.5,27449,215.033,639.073,85
ProvidenciaExampleScenario.node[522].veinsmobility,16.25,6.9,27387.5,27449,177.608,865.381,61
ProvidenciaExampleScenario.node[437].veinsmobility,16.25,0,27337,27449.5,258.681,885.969,112
ProvidenciaExampleScenario.node[444].veinsmobility,15.65,-0.242992,27340.5,27449.5,228.557,640.189,108.5
ProvidenciaExampleScenario.node[436].veinsmobility,18.4906,0,27336.5,27449.5,293.395,986.822,112.5
ProvidenciaExampleScenario.node[492].veinsmobility,16.25,0,27368.5,27451,199.919,637.502,82
ProvidenciaExampleScenario.node[404].veinsmobility,23.15,0,27311.5,27455.5,390.68,1142.79,143.5
ProvidenciaExampleScenario.node[383].veinsmobility,23.75,0,27294,27457,448.454,1299.09,162.5
ProvidenciaExampleScenario.node[479].veinsmobility,14.85,0,27360,27458,217.752,680.011,97.5
ProvidenciaExampleScenario.node[247].veinsmobility,21.25,0,27186,27459.5,543.872,1425.14,273
ProvidenciaExampleScenario.node[509].veinsmobility,16.75,0,27379.5,27462,206.026,674.007,82
ProvidenciaExampleScenario.node[371].veinsmobility,15.65,0,27287,27462.5,423.401,1360.38,175
ProvidenciaExampleScenario.node[418].veinsmobility,16.3062,0,27324,27462.5,311.161,1001.2,138
ProvidenciaExampleScenario.node[424].veinsmobility,16,0,27328,27464,369.745,1356.16,135.5
ProvidenciaExampleScenario.node[368].veinsmobility,22.3301,-0.00115108,27285,27464,445.08,1304.16,178.5
ProvidenciaExampleScenario.node[515].veinsmobility,15.85,0,27383,27465,191.098,686.226,81.5
ProvidenciaExampleScenario.node[461].veinsmobility,19.25,0,27351.5,27469.5,364.006,1681.81,117.5
ProvidenciaExampleScenario.node[297].veinsmobility,18.315,-0.70978,27227,27469.5,563.011,1569.51,242
ProvidenciaExampleScenario.node[407].veinsmobility,17.2022,0,27313,27471,384.927,1325.33,157.5
ProvidenciaExampleScenario.node[329].veinsmobility,17.6257,0,27253.5,27471.5,530.131,1740.1,217.5
ProvidenciaExampleScenario.node[361].veinsmobility,16.9472,0,27276,27472.5,435.118,1376.24,196
ProvidenciaExampleScenario.node[304].veinsmobility,15.5,0,27231,27473,477.951,1212.1,241.5
ProvidenciaExampleScenario.node[193].veinsmobility,15.65,0,27157,27473.5,616.568,1962.16,316
ProvidenciaExampleScenario.node[251].veinsmobility,17.7741,-2.87047,27188,27473.5,694.12,1853.48,285
ProvidenciaExampleScenario.node[166].veinsmobility,23.15,0,27134,27474,822.555,2349.84,339.5
ProvidenciaExampleScenario.node[381].veinsmobility,21.7326,0,27293.5,27475,400.014,1069.27,181
ProvidenciaExampleScenario.node[365].veinsmobility,21.6053,0,27282.5,27475.5,429.953,1063.87,192.5
ProvidenciaExampleScenario.node[572].veinsmobility,15.55,5.4,27422.5,27475.5,156.397,680.189,52.5
ProvidenciaExampleScenario.node[347].veinsmobility,20.9844,0,27265.5,27476,444.425,1068.02,210
ProvidenciaExampleScenario.node[284].veinsmobility,16.4649,0,27219,27476.5,602.9,1727.37,257
ProvidenciaExampleScenario.node[318].veinsmobility,17.1,0,27241,27477,535.401,1737.1,235.5
ProvidenciaExampleScenario.node[552].veinsmobility,16.8837,3.5,27410,27477,229.57,898.05,66.5
ProvidenciaExampleScenario.node[370].veinsmobility,21.3285,0,27286.5,27477.5,405.438,1057.99,190.5
ProvidenciaExampleScenario.node[377].veinsmobility,20.0808,0,27291,27479.5,370.663,1059.56,188
ProvidenciaExampleScenario.node[184].veinsmobility,16,0,27149.5,27482.5,706.151,1862.69,332.5
ProvidenciaExampleScenario.node[453].veinsmobility,16.2825,0,27345,27483,294.043,1040.25,137.5
ProvidenciaExampleScenario.node[417].veinsmobility,20.65,0,27323.5,27484.5,393.815,985.401,160.5
ProvidenciaExampleScenario.node[499].veinsmobility,19.25,0,27373.5,27486.5,348.056,1097.26,112.5
ProvidenciaExampleScenario.node[421].veinsmobility,22.404,0,27325.5,27486.5,454.197,1243.74,160.5
ProvidenciaExampleScenario.node[599].veinsmobility,20.9772,6.9,27440.5,27488.5,189.679,678.416,47.5
ProvidenciaExampleScenario.node[557].veinsmobility,15.65,0,27414.5,27488.5,207.276,801.57,73.5
ProvidenciaExampleScenario.node[508].veinsmobility,18.6023,0,27378.5,27489.5,268.997,987.023,110.5
ProvidenciaExampleScenario.node[577].veinsmobility,21,0,27424.5,27489.5,211.31,656.515,64.5
ProvidenciaExampleScenario.node[233].veinsmobility,16.6,0,27180,27490,664.828,1913.71,309.5
ProvidenciaExampleScenario.node[366].veinsmobility,22.5,0,27284,27490.5,536.86,1285.86,206
ProvidenciaExampleScenario.node[332].veinsmobility,22.5,0,27255,27490.5,557.362,1286.49,235
ProvidenciaExampleScenario.node[372].veinsmobility,21.25,0,27288,27493,467.598,1295.75,204.5
ProvidenciaExampleScenario.node[410].veinsmobility,23.7,0,27317,27493,553.272,1421.93,175.5
ProvidenciaExampleScenario.node[548].veinsmobility,15.9968,0,27409.5,27493.5,158.506,279.568,83.5
ProvidenciaExampleScenario.node[396].veinsmobility,20.5047,-0.723695,27307,27494.5,447.71,1285.25,187
ProvidenciaExampleScenario.node[558].veinsmobility,15.65,0,27415,27495,145.313,284.638,79.5
ProvidenciaExampleScenario.node[600].veinsmobility,14.9479,0,27441.5,27495.5,115.085,281.924,53.5
ProvidenciaExampleScenario.node[419].veinsmobility,21.5252,0,27324.5,27496,446.316,1285.57,171
ProvidenciaExampleScenario.node[412].veinsmobility,16.5,0,27320,27496.5,508.567,1855.52,176
ProvidenciaExampleScenario.node[533].veinsmobility,19.5972,0,27402.5,27497,281.224,1000.23,94
ProvidenciaExampleScenario.node[488].veinsmobility,18,0,27365,27497.5,299.226,986.803,132
ProvidenciaExampleScenario.node[511].veinsmobility,20.2191,0,27379.5,27499,324.095,911.754,119
ProvidenciaExampleScenario.node[536].veinsmobility,16.9,0,27403.5,27499,226.689,628.613,95
ProvidenciaExampleScenario.node[420].veinsmobility,18.5,0,27325,27503,408.282,1115.29,177.5
ProvidenciaExampleScenario.node[306].veinsmobility,22.5,0,27233.5,27503,602.317,1602.37,269
ProvidenciaExampleScenario.node[543].veinsmobility,15.0988,0,27407,27503.5,254.882,863.008,96
ProvidenciaExampleScenario.node[86].veinsmobility,21.4629,0,27081,27505,883.268,2657.41,423.5
ProvidenciaExampleScenario.node[111].veinsmobility,21.25,0,27102.5,27507.5,855.076,2657.22,404.5
ProvidenciaExampleScenario.node[443].veinsmobility,15.5328,0,27340.5,27508.5,497.705,1849.43,167.5
ProvidenciaExampleScenario.node[534].veinsmobility,19.5265,0,27402.5,27508.5,338.157,1041.99,105.5
ProvidenciaExampleScenario.node[388].veinsmobility,16,0,27299.5,27510.5,485.621,1464.98,210.5
ProvidenciaExampleScenario.node[324].veinsmobility,22.1,0,27247,27513.5,629.223,1616.62,266
ProvidenciaExampleScenario.node[532].veinsmobility,15.65,0,27402,27514,230.964,901.43,111.5
ProvidenciaExampleScenario.node[386].veinsmobility,16.25,0,27295.5,27514,548.932,1850.08,218
ProvidenciaExampleScenario.node[529].veinsmobility,19.25,0,27398.5,27514,266.412,768.25,115
ProvidenciaExampleScenario.node[358].veinsmobility,21.9,0,27274.5,27514,567.673,1611.28,239
ProvidenciaExampleScenario.node[500].veinsmobility,16.2485,0,27374,27515,293.19,647.588,140.5
ProvidenciaExampleScenario.node[495].veinsmobility,16.25,0,27370,27515,318.568,877.924,144.5
ProvidenciaExampleScenario.node[528].veinsmobility,18.8534,0,27397.5,27515,267.652,773.702,117
ProvidenciaExampleScenario.node[595].veinsmobility,18.9735,0,27438,27515,209.893,763.329,76.5
ProvidenciaExampleScenario.node[587].veinsmobility,19.9698,0,27432.5,27515.5,227.543,770.165,82.5
ProvidenciaExampleScenario.node[555].veinsmobility,18.6701,0,27412.5,27515.5,236.061,763.149,102.5
ProvidenciaExampleScenario.node[598].veinsmobility,16.25,2.89532,27439.5,27515.5,234.301,859.337,75.5
ProvidenciaExampleScenario.node[512].veinsmobility,15.8487,0,27380.5,27516,284.88,947.473,135
ProvidenciaExampleScenario.node[531].veinsmobility,15.7325,0,27400.5,27517,243.734,763.022,116
ProvidenciaExampleScenario.node[608].veinsmobility,19.577,0,27449.5,27517,212.958,772.452,67
ProvidenciaExampleScenario.node[605].veinsmobility,18.9231,0,27448.5,27517.5,205.523,771.082,68.5
ProvidenciaExampleScenario.node[569].veinsmobility,16,0,27421.5,27517.5,267.342,861.963,95.5
ProvidenciaExampleScenario.node[584].veinsmobility,16.25,0,27432,27518,231.014,690.263,85.5
ProvidenciaExampleScenario.node[517].veinsmobility,15,0,27384,27518,276.525,869.083,133.5
ProvidenciaExampleScenario.node[562].veinsmobility,15.4383,0,27417.5,27518.5,230.275,691.563,100.5
ProvidenciaExampleScenario.node[623].veinsmobility,19.1678,5.4,27467,27518.5,188.954,770.416,51
ProvidenciaExampleScenario.node[484].veinsmobility,19.5,0,27361,27519,444.378,1301.35,157.5
ProvidenciaExampleScenario.node[674].veinsmobility,16.25,6.9,27498.5,27519.5,82.1395,277.868,20.5
ProvidenciaExampleScenario.node[520].veinsmobility,15.65,0,27385.5,27520,257.417,695.866,134
ProvidenciaExampleScenario.node[612].veinsmobility,16.25,3.07342,27455.5,27520,218.952,694.949,64
ProvidenciaExampleScenario.node[518].veinsmobility,19.8304,-1.58993,27385,27520,415.999,1298.67,134.5
ProvidenciaExampleScenario.node[573].veinsmobility,15.7353,0,27423,27520.5,241.019,699.385,97
ProvidenciaExampleScenario.node[567].veinsmobility,15.65,0,27420.5,27521.5,212.436,495.152,100.5
ProvidenciaExampleScenario.node[546].veinsmobility,19.6,0,27408,27522,348.378,1317.02,113.5
ProvidenciaExampleScenario.node[632].veinsmobility,20.2091,5.77766,27471.5,27522.5,196.984,774.148,50.5
ProvidenciaExampleScenario.node[477].veinsmobility,16.4,0,27360,27524.5,361.608,1043.31,164
ProvidenciaExampleScenario.node[544].veinsmobility,19.4054,0,27407.5,27525,346.949,1300.25,117
ProvidenciaExampleScenario.node[625].veinsmobility,18.4735,4.60693,27467.5,27525,181.824,771.236,57
ProvidenciaExampleScenario.node[497].veinsmobility,18.2731,0,27371.5,27525,410.512,1298.59,153
ProvidenciaExampleScenario.node[645].veinsmobility,18.9409,5.4,27479,27527,178.873,770.124,47.5
ProvidenciaExampleScenario.node[626].veinsmobility,16.25,3.5,27468.5,27527,191.911,856.159,58
ProvidenciaExampleScenario.node[619].veinsmobility,15.7308,6.9,27464,27527,189.478,861.816,62.5
ProvidenciaExampleScenario.node[510].veinsmobility,17.4439,0,27379.5,27528.5,371.285,1298.98,148.5
ProvidenciaExampleScenario.node[620].veinsmobility,15.85,7.1,27465.5,27529,176.058,874.503,63
ProvidenciaExampleScenario.node[237].veinsmobility,16.0391,0,27180,27529.5,683.079,1927.48,349
ProvidenciaExampleScenario.node[602].veinsmobility,17.0819,0,27445,27531.5,219.743,859.741,86
ProvidenciaExampleScenario.node[568].veinsmobility,19.4,0,27420.5,27531.5,287.016,973.826,110.5
ProvidenciaExampleScenario.node[232].veinsmobility,14.7468,0,27180,27535,670.333,1941.6,354.5
ProvidenciaExampleScenario.node[634].veinsmobility,18.75,5.5,27472.5,27535.5,205.602,865.594,62.5
ProvidenciaExampleScenario.node[582].veinsmobility,18,0,27429.5,27536.5,268.317,970.681,106.5
ProvidenciaExampleScenario.node[314].veinsmobility,15.95,0,27240,27537,603.863,1911.33,296.5
ProvidenciaExampleScenario.node[576].veinsmobility,20.65,0,27424.5,27537,320.395,981.789,112
ProvidenciaExampleScenario.node[663].veinsmobility,18.5987,6.9,27488.5,27537,171.3,769.415,48
ProvidenciaExampleScenario.node[578].veinsmobility,19.4,0,27426,27539,316.687,982.222,112.5
ProvidenciaExampleScenario.node[615].veinsmobility,18.881,0.891932,27460.5,27539.5,240.293,974.107,78.5
ProvidenciaExampleScenario.node[496].veinsmobility,16.25,0,27370.5,27540,434.14,1303.89,169
ProvidenciaExampleScenario.node[395].veinsmobility,16.9,0,27306.5,27540,528.517,1314.45,233
ProvidenciaExampleScenario.node[236].veinsmobility,15.6439,-0.399994,27180,27542.5,667.695,1951.97,362
ProvidenciaExampleScenario.node[661].veinsmobility,16.25,6.9,27488,27543,159.278,754.61,54.5
ProvidenciaExampleScenario.node[673].veinsmobility,19.25,6.9,27498,27545,180.882,765.178,46.5
ProvidenciaExampleScenario.node[678].veinsmobility,19.2922,6.9,27500.5,27546.5,189.087,770.91,45.5
ProvidenciaExampleScenario.node[670].veinsmobility,16.25,6.9,27494,27548.5,171.503,750.516,54
ProvidenciaExampleScenario.node[614].veinsmobility,19.0764,0,27456.5,27551.5,264.955,675.76,94.5
ProvidenciaExampleScenario.node[610].veinsmobility,19.25,0,27452.5,27553,341.486,1295.28,100
ProvidenciaExampleScenario.node[611].veinsmobility,18.0694,0,27453.5,27554.5,319.816,1298.11,100.5
ProvidenciaExampleScenario.node[682].veinsmobility,16.25,6.9,27502,27555,176.954,741.234,52.5
ProvidenciaExampleScenario.node[671].veinsmobility,15,3.5,27494,27558,186.646,857.41,63.5
ProvidenciaExampleScenario.node[616].veinsmobility,18,0,27460.5,27560,296.629,1085.9,99
ProvidenciaExampleScenario.node[695].veinsmobility,16.8793,6.9,27508.5,27562,167.987,751.943,53
ProvidenciaExampleScenario.node[524].veinsmobility,16,0,27391.5,27562,317.147,1053.44,170
ProvidenciaExampleScenario.node[468].veinsmobility,17.25,0,27359,27563,403.806,1255.7,203.5
ProvidenciaExampleScenario.node[596].veinsmobility,19.75,0,27438.5,27563.5,277.314,780.491,124.5
ProvidenciaExampleScenario.node[378].veinsmobility,23.5,0,27291,27565.5,771.082,2304.92,274
ProvidenciaExampleScenario.node[603].veinsmobility,19.0998,0,27446,27565.5,272.054,802.504,119
ProvidenciaExampleScenario.node[683].veinsmobility,15.65,6.9,27502.5,27566.5,169.754,863.511,63.5
ProvidenciaExampleScenario.node[553].veinsmobility,16.25,0,27410.5,27567,286.111,635.686,156
ProvidenciaExampleScenario.node[561].veinsmobility,16.25,0,27416.5,27567,281.581,639.187,150
ProvidenciaExampleScenario.node[679].veinsmobility,19.25,0,27501,27567,188.107,657.933,65.5
ProvidenciaExampleScenario.node[541].veinsmobility,15,0,27406.5,27567.5,276.635,637.592,160.5
ProvidenciaExampleScenario.node[550].veinsmobility,15.5,0,27409.5,27568.5,311.626,886.584,158.5
ProvidenciaExampleScenario.node[613].veinsmobility,20.5,0,27456,27568.5,305.116,992.483,112
ProvidenciaExampleScenario.node[627].veinsmobility,19.25,0,27468.5,27568.5,269.284,991.68,99.5
ProvidenciaExampleScenario.node[597].veinsmobility,15.8892,-2.13602,27439.5,27569,255.213,645.032,129
ProvidenciaExampleScenario.node[622].veinsmobility,15.7891,0,27466,27569,225.616,637.684,102.5
ProvidenciaExampleScenario.node[639].veinsmobility,15.65,0,27475,27569,211.129,634.873,93.5
ProvidenciaExampleScenario.node[743].veinsmobility,14.4,3.44402,27540.5,27570,82.4184,270.923,29
ProvidenciaExampleScenario.node[594].veinsmobility,19.5,0,27437.5,27570,336.946,1096.79,132
ProvidenciaExampleScenario.node[629].veinsmobility,15.85,0,27470.5,27570.5,221.952,638.153,99.5
ProvidenciaExampleScenario.node[537].veinsmobility,19.25,0,27404.5,27571,380.801,1119.53,166
ProvidenciaExampleScenario.node[571].veinsmobility,16.25,0,27422,27574,304.985,999.685,151.5
ProvidenciaExampleScenario.node[380].veinsmobility,22.5,0,27293,27576.5,762.975,2420.21,283
ProvidenciaExampleScenario.node[651].veinsmobility,15.75,0,27480,27577.5,222.281,678.94,97
ProvidenciaExampleScenario.node[675].veinsmobility,16.25,2.20812,27499.5,27578.5,222.302,891.91,78.5
ProvidenciaExampleScenario.node[690].veinsmobility,15.8202,6.9,27506.5,27579,209.033,986.695,72
ProvidenciaExampleScenario.node[575].veinsmobility,22.5,0,27424,27580.5,415.948,1497.12,156
ProvidenciaExampleScenario.node[526].veinsmobility,16.25,0,27395.5,27580.5,419.189,1325.96,184.5
ProvidenciaExampleScenario.node[652].veinsmobility,18.25,0,27480.5,27581,295.468,1310.68,100
ProvidenciaExampleScenario.node[655].veinsmobility,16.25,0,27482,27582.5,213.819,678.641,100
ProvidenciaExampleScenario.node[547].veinsmobility,16.5443,0,27408.5,27583,407.84,1339,174
ProvidenciaExampleScenario.node[669].veinsmobility,17.1,0,27492.5,27583.5,210.271,675.443,90.5
ProvidenciaExampleScenario.node[588].veinsmobility,16.25,0,27433,27584,336.862,1082.93,150.5
ProvidenciaExampleScenario.node[643].veinsmobility,16.25,0,27476.5,27585,250.696,687.59,108
ProvidenciaExampleScenario.node[684].veinsmobility,16.25,0,27503,27585.5,195.895,687.856,82
ProvidenciaExampleScenario.node[489].veinsmobility,17.5,0,27366,27585.5,567.201,1857.63,219
ProvidenciaExampleScenario.node[538].veinsmobility,15.5,0,27405.5,27587,423.937,1219.79,181
ProvidenciaExampleScenario.node[238].veinsmobility,16.05,-0.799988,27180,27588.5,762.654,2128.15,408
ProvidenciaExampleScenario.node[513].veinsmobility,15.25,0,27381,27589,454.874,1259.38,207.5
ProvidenciaExampleScenario.node[430].veinsmobility,15.65,0,27332,27589.5,606.549,1856.78,257
ProvidenciaExampleScenario.node[633].veinsmobility,16.25,0,27472.5,27591,295.422,867.425,118
ProvidenciaExampleScenario.node[659].veinsmobility,18.5794,0,27484.5,27591,339.554,1037.51,106
ProvidenciaExampleScenario.node[693].veinsmobility,16.039,0,27507.5,27593,243.82,867.392,85
ProvidenciaExampleScenario.node[694].veinsmobility,20.3636,0,27508.5,27593.5,237.831,679.566,84.5
ProvidenciaExampleScenario.node[549].veinsmobility,23.35,0,27409.5,27594,389.315,849.417,184
ProvidenciaExampleScenario.node[328].veinsmobility,22,0,27250.5,27594,790.715,2646.79,343
ProvidenciaExampleScenario.node[570].veinsmobility,22.5,0,27422,27594.5,419.286,1070.19,172
ProvidenciaExampleScenario.node[379].veinsmobility,16.4897,0,27291.5,27594.5,646.913,1758.2,302.5
ProvidenciaExampleScenario.node[560].veinsmobility,22,0,27416,27594.5,485.046,1665.82,178
ProvidenciaExampleScenario.node[540].veinsmobility,21.7697,0,27406.5,27595,407.267,1062.29,188
ProvidenciaExampleScenario.node[493].veinsmobility,21.5,0,27368.5,27595.5,523.489,1607.13,226.5
ProvidenciaExampleScenario.node[340].veinsmobility,16.5,0,27257.5,27596,666.29,1756.88,338
ProvidenciaExampleScenario.node[353].veinsmobility,15.4978,0,27270.5,27596.5,646.522,1751.61,325.5
ProvidenciaExampleScenario.node[666].veinsmobility,21.3073,0,27490,27597,302.33,1061.46,106.5
ProvidenciaExampleScenario.node[530].veinsmobility,16.25,0,27400,27598,362.065,802.843,197.5
ProvidenciaExampleScenario.node[564].veinsmobility,23.5,0,27420,27598,425.304,1078.58,177.5
ProvidenciaExampleScenario.node[403].veinsmobility,18.6104,0,27311.5,27598,580.506,1725.48,286
ProvidenciaExampleScenario.node[545].veinsmobility,16.25,0,27407.5,27598,479.023,1684.46,190
ProvidenciaExampleScenario.node[662].veinsmobility,16.25,0,27488.5,27598.5,251.786,785.668,109.5
ProvidenciaExampleScenario.node[640].veinsmobility,18.25,0,27475,27599,342.281,1503.69,123.5
ProvidenciaExampleScenario.node[583].veinsmobility,23.0633,0,27431,27600,402.067,1071.13,168.5
ProvidenciaExampleScenario.node[716].veinsmobility,16.25,-0.789928,27529.5,27600,233.826,883.632,70
ProvidenciaExampleScenario.node[725].veinsmobility,15.8569,5.17107,27535,27602,214.798,881.084,66.5
ProvidenciaExampleScenario.node[391].veinsmobility,16.2,0,27300,27602.5,646.322,1915.67,302
ProvidenciaExampleScenario.node[681].veinsmobility,20.5681,0,27502,27602.5,278.975,1059.74,100
ProvidenciaExampleScenario.node[630].veinsmobility,15.65,0,27471,27604,270.891,1034.7,132.5
ProvidenciaExampleScenario.node[559].veinsmobility,15.65,0,27415.5,27604.5,433.737,1582.61,188.5
ProvidenciaExampleScenario.node[581].veinsmobility,19.4272,0,27428,27605,399.133,975.505,176.5
ProvidenciaExampleScenario.node[664].veinsmobility,16.25,0,27489.5,27606.5,255.737,806.284,116.5
ProvidenciaExampleScenario.node[507].veinsmobility,23.15,0,27378,27606.5,567.35,1313.22,228
ProvidenciaExampleScenario.node[653].veinsmobility,16.25,0,27481,27607,285.063,1036.06,125.5
ProvidenciaExampleScenario.node[601].veinsmobility,16,0,27443,27608,322.836,804.423,164.5
ProvidenciaExampleScenario.node[685].veinsmobility,19.4,0,27503,27608.5,273.51,973.451,105
ProvidenciaExampleScenario.node[676].veinsmobility,16.25,0,27500,27608.5,265.002,1030.42,108
ProvidenciaExampleScenario.node[654].veinsmobility,19.6173,0,27482,27609.5,325.9,988.248,127
ProvidenciaExampleScenario.node[658].veinsmobility,19.25,0,27484,27610,338.483,991.544,125.5
ProvidenciaExampleScenario.node[699].veinsmobility,16.3594,0,27510.5,27610,242.863,1032.6,99
ProvidenciaExampleScenario.node[720].veinsmobility,19.4,1.48948,27531.5,27610.5,241.645,977.012,78.5
ProvidenciaExampleScenario.node[792].veinsmobility,15.5,5.5,27572,27610.5,134.097,462.101,38
ProvidenciaExampleScenario.node[519].veinsmobility,21.75,0,27385.5,27611,542.663,1281.37,225
ProvidenciaExampleScenario.node[609].veinsmobility,22.0135,0,27451,27612.5,458.679,1288.57,161
ProvidenciaExampleScenario.node[505].veinsmobility,20.8114,0,27374.5,27613,585.988,1460.72,238
ProvidenciaExampleScenario.node[705].veinsmobility,19.25,0,27521,27613.5,290.666,997.159,92
ProvidenciaExampleScenario.node[476].veinsmobility,19.15,0,27360,27614,501.16,1325.06,253.5
ProvidenciaExampleScenario.node[771].veinsmobility,16.9,0,27561,27615,128.138,284.326,53.5
ProvidenciaExampleScenario.node[677].veinsmobility,16.9,0,27500,27619,250.599,630.132,118.5
ProvidenciaExampleScenario.node[757].veinsmobility,16.25,0,27552.5,27619,177.612,618.127,66
ProvidenciaExampleScenario.node[828].veinsmobility,15.65,6.9,27598,27619.5,75.9243,279.338,21
ProvidenciaExampleScenario.node[724].veinsmobility,20.3902,0,27533,27619.5,282.653,911.118,86
ProvidenciaExampleScenario.node[755].veinsmobility,16.25,0,27551.5,27620.5,184.037,589.865,68.5
ProvidenciaExampleScenario.node[647].veinsmobility,16.9,0,27480,27621,273.548,662.551,140.5
ProvidenciaExampleScenario.node[704].veinsmobility,16.4568,0,27519.5,27623,241.834,661.234,103
ProvidenciaExampleScenario.node[563].veinsmobility,19.5324,0,27418,27624,442.553,1375.62,205.5
ProvidenciaExampleScenario.node[807].veinsmobility,15.4,0,27583.5,27625,94.9579,271.842,41
ProvidenciaExampleScenario.node[748].veinsmobility,18.15,0,27544,27625.5,175.665,335.526,81
ProvidenciaExampleScenario.node[793].veinsmobility,15.3534,6.72985,27572.5,27626.5,155.616,662.227,53.5
ProvidenciaExampleScenario.node[539].veinsmobility,20.1257,0,27406,27627,551.71,1702.95,220.5
ProvidenciaExampleScenario.node[624].veinsmobility,18.9383,0,27467.5,27627.5,373.539,1377.38,159.5
ProvidenciaExampleScenario.node[776].veinsmobility,15.0139,3.5,27564,27627.5,191.539,861.215,63
ProvidenciaExampleScenario.node[840].veinsmobility,18.35,6.75,27602,27628,107.462,325.291,25.5
ProvidenciaExampleScenario.node[777].veinsmobility,19.25,0,27564.5,27628.5,184.996,776.891,63.5
ProvidenciaExampleScenario.node[454].veinsmobility,16,0,27345.5,27630.5,617.251,1863.59,284.5
ProvidenciaExampleScenario.node[498].veinsmobility,15.5,0,27372,27632.5,532.649,1467.77,260
ProvidenciaExampleScenario.node[730].veinsmobility,16.25,0,27538.5,27633,210.652,489.89,94
ProvidenciaExampleScenario.node[580].veinsmobility,22,0,27427,27633.5,550.409,1615.06,206
ProvidenciaExampleScenario.node[631].veinsmobility,22.7196,0,27471,27633.5,515.026,1617.62,162
ProvidenciaExampleScenario.node[710].veinsmobility,19.2332,0,27522.5,27633.5,264.96,763.828,110.5
ProvidenciaExampleScenario.node[703].veinsmobility,19.75,0,27518,27633.5,271.648,768.176,115
ProvidenciaExampleScenario.node[700].veinsmobility,16.1552,0,27511.5,27634,275.694,945.423,122
ProvidenciaExampleScenario.node[448].veinsmobility,16.25,0,27343,27634,639.321,1862.46,290.5
ProvidenciaExampleScenario.node[589].veinsmobility,16,0,27435.5,27634.5,501.463,1851.2,198.5
ProvidenciaExampleScenario.node[487].veinsmobility,16.9,0,27364,27635,626.536,1853.42,270.5
ProvidenciaExampleScenario.node[799].veinsmobility,16.0915,0,27577,27635.5,163.28,487.174,58
ProvidenciaExampleScenario.node[715].veinsmobility,19.52,0,27529.5,27635.5,252.515,772.179,105.5
ProvidenciaExampleScenario.node[772].veinsmobility,19.1474,0,27563,27635.5,202.733,765.482,72
ProvidenciaExampleScenario.node[723].veinsmobility,18.1211,0,27533,27636.5,230.797,764.138,103
ProvidenciaExampleScenario.node[554].veinsmobility,16.25,0,27411.5,27637,555.979,1844.81,225
ProvidenciaExampleScenario.node[758].veinsmobility,19.5497,0,27554,27637.5,221.812,771.343,83
ProvidenciaExampleScenario.node[688].veinsmobility,16.25,0,27503.5,27638,286.184,694.845,134
ProvidenciaExampleScenario.node[728].veinsmobility,16.25,0,27537,27638,244.372,689.251,100.5
ProvidenciaExampleScenario.node[749].veinsmobility,17.7312,0,27545,27639,217.783,767.295,93.5
ProvidenciaExampleScenario.node[858].veinsmobility,15.65,6.9,27618.5,27640,75.7006,278.601,21
ProvidenciaExampleScenario.node[763].veinsmobility,15.65,0,27556.5,27640,222.913,869.931,83
ProvidenciaExampleScenario.node[775].veinsmobility,18.8755,0,27564,27640,209.537,771.504,75.5
ProvidenciaExampleScenario.node[814].veinsmobility,18.7311,5.4,27586.5,27640,187.076,762.675,53
ProvidenciaExampleScenario.node[565].veinsmobility,18.831,0,27420,27640.5,504.564,1753.82,220
ProvidenciaExampleScenario.node[697].veinsmobility,18.25,0,27509.5,27640.5,373.622,1295.1,130.5
ProvidenciaExampleScenario.node[773].veinsmobility,16.0508,0,27563.5,27641.5,236.346,872.269,77.5
ProvidenciaExampleScenario.node[636].veinsmobility,18.2425,0,27474,27643,432.535,1298.59,168.5
ProvidenciaExampleScenario.node[618].veinsmobility,19.2122,0,27463.5,27646.5,436.015,1656.19,182.5
ProvidenciaExampleScenario.node[726].veinsmobility,15.7364,0,27536,27647.5,234.612,740.945,111
ProvidenciaExampleScenario.node[586].veinsmobility,22.5,0,27432.5,27648.5,594.966,1596.87,215.5
ProvidenciaExampleScenario.node[153].veinsmobility,17.5,0,27127.5,27649,1032.16,2642.01,521
ProvidenciaExampleScenario.node[849].veinsmobility,15.7043,5.5,27612,27650,111.916,478,37.5
ProvidenciaExampleScenario.node[884].veinsmobility,12.268,6.9,27639.5,27650,32.1154,107.752,10
ProvidenciaExampleScenario.node[593].veinsmobility,16.25,0,27437,27652,425.161,1338.97,214.5
ProvidenciaExampleScenario.node[701].veinsmobility,19.75,0,27516,27652.5,324.364,968.817,136
ProvidenciaExampleScenario.node[579].veinsmobility,15,0,27426,27652.5,435.098,1363.49,226
ProvidenciaExampleScenario.node[752].veinsmobility,19.3122,0,27547.5,27656,278.973,975.556,108
ProvidenciaExampleScenario.node[850].veinsmobility,18.5562,6.9,27612,27660.5,170.231,768.36,48
ProvidenciaExampleScenario.node[852].veinsmobility,19.7693,6.9,27613.5,27660.5,187.099,784.942,46.5
ProvidenciaExampleScenario.node[770].veinsmobility,18,0,27559.5,27662.5,269.916,965.832,102.5
ProvidenciaExampleScenario.node[732].veinsmobility,19.4,0,27540,27663.5,377.22,1302.28,123
ProvidenciaExampleScenario.node[857].veinsmobility,20.0971,6.9,27618,27664,185.162,770.017,45.5
ProvidenciaExampleScenario.node[861].veinsmobility,19.7017,6.9,27620.5,27666.5,186.576,762.406,45.5
ProvidenciaExampleScenario.node[811].veinsmobility,19.8636,0,27585.5,27667,249.39,690.892,81
ProvidenciaExampleScenario.node[859].veinsmobility,18,6.9,27620,27669.5,169.326,778.353,49
ProvidenciaExampleScenario.node[796].veinsmobility,15.0166,0,27576,27672,208.82,646.444,95.5
ProvidenciaExampleScenario.node[867].veinsmobility,19.25,6.9,27625,27672,180.392,764.771,46.5
ProvidenciaExampleScenario.node[910].veinsmobility,13.9,5.4,27661.5,27673,37.413,108.125,11
ProvidenciaExampleScenario.node[750].veinsmobility,18.15,0,27546.5,27673.5,361.714,1308.02,126.5
ProvidenciaExampleScenario.node[869].veinsmobility,18.115,6.9,27626,27674,172.808,769.736,47.5
ProvidenciaExampleScenario.node[766].veinsmobility,19.4,0,27557.5,27674.5,403.003,1298.72,116.5
ProvidenciaExampleScenario.node[804].veinsmobility,18.3873,0,27580.5,27675.5,274.029,905.633,94.5
ProvidenciaExampleScenario.node[816].veinsmobility,16.9,0,27587.5,27676.5,333.718,965.072,88.5
ProvidenciaExampleScenario.node[698].veinsmobility,16,0,27510,27681,391.618,1075.8,170.5
ProvidenciaExampleScenario.node[689].veinsmobility,21.35,0,27506,27681.5,392.147,1160.66,175
ProvidenciaExampleScenario.node[604].veinsmobility,16,0,27448.5,27682,390.834,1010.21,233
ProvidenciaExampleScenario.node[687].veinsmobility,19.75,0,27503.5,27682.5,411.643,1257.25,178.5
ProvidenciaExampleScenario.node[656].veinsmobility,15.65,0,27483,27682.5,357.311,1017.01,199
ProvidenciaExampleScenario.node[708].veinsmobility,16.0541,0,27522,27683,365.625,1117.08,160.5
ProvidenciaExampleScenario.node[784].veinsmobility,16.8206,0,27568,27683.5,306.969,1067.69,115
ProvidenciaExampleScenario.node[712].veinsmobility,14.8581,0,27525,27684.5,296.521,1066.19,159
ProvidenciaExampleScenario.node[617].veinsmobility,16.25,0,27462,27684.5,378.515,1061.35,222
ProvidenciaExampleScenario.node[458].veinsmobility,22.5,0,27351,27685,798.861,2656.68,333.5
ProvidenciaExampleScenario.node[638].veinsmobility,23.5,0,27474.5,27685.5,562.432,1672.51,210.5
ProvidenciaExampleScenario.node[801].veinsmobility,15.65,0,27578,27686.5,238.241,806.301,108
ProvidenciaExampleScenario.node[762].veinsmobility,16.4936,0,27556,27687,260.255,636.972,130.5
ProvidenciaExampleScenario.node[791].veinsmobility,16.4,0,27571.5,27687,238.943,635.819,115
ProvidenciaExampleScenario.node[813].veinsmobility,15.85,0,27586.5,27687.5,216.027,677.738,100.5
ProvidenciaExampleScenario.node[447].veinsmobility,22.5,0,27342.5,27687.5,822.816,2665.29,344.5
ProvidenciaExampleScenario.node[851].veinsmobility,16.25,2.61285,27613,27688,185.835,800.093,74.5
ProvidenciaExampleScenario.node[535].veinsmobility,16.25,0,27403,27688,620.18,1744.37,284.5
ProvidenciaExampleScenario.node[722].veinsmobility,16.25,0,27532.5,27689,281.065,641.385,156
ProvidenciaExampleScenario.node[812].veinsmobility,15.7222,0,27586,27689,225.102,639.742,102.5
ProvidenciaExampleScenario.node[795].veinsmobility,16.7013,0,27573.5,27689.5,270.002,883.052,115.5
ProvidenciaExampleScenario.node[729].veinsmobility,15.8469,0,27537.5,27689.5,275.441,646.503,151.5
ProvidenciaExampleScenario.node[862].veinsmobility,16.6547,0,27621.5,27690.5,188.674,635.144,68.5
ProvidenciaExampleScenario.node[836].veinsmobility,16.2391,0,27600,27691,214.081,691.165,90.5
ProvidenciaExampleScenario.node[872].veinsmobility,15.8079,3.5,27627.5,27691,205.271,862.889,63
ProvidenciaExampleScenario.node[764].veinsmobility,15,0,27557,27691.5,257.605,662.652,134
ProvidenciaExampleScenario.node[753].veinsmobility,15.5236,0,27547.5,27691.5,269.633,640.073,143.5
ProvidenciaExampleScenario.node[514].veinsmobility,18.7591,0,27381.5,27693,653.1,1853.93,311
ProvidenciaExampleScenario.node[855].veinsmobility,15.65,1.01849,27616.5,27693.5,186.639,639.243,76.5
ProvidenciaExampleScenario.node[446].veinsmobility,19.8,0,27342,27694,808.608,2439.27,351.5
ProvidenciaExampleScenario.node[696].veinsmobility,22.15,0,27509,27694.5,474.866,1327.1,185
ProvidenciaExampleScenario.node[798].veinsmobility,15.65,0,27576.5,27694.5,255.07,1033.6,117.5
ProvidenciaExampleScenario.node[879].veinsmobility,16.25,2.29599,27635.5,27695,164.327,640.065,59
ProvidenciaExampleScenario.node[745].veinsmobility,17.15,0,27543,27696,393.677,1215.99,152.5
ProvidenciaExampleScenario.node[885].veinsmobility,16.8248,3.5,27640,27697.5,194.823,860.387,57
ProvidenciaExampleScenario.node[835].veinsmobility,15.75,0,27600,27698.5,217.994,676.883,98
ProvidenciaExampleScenario.node[810].veinsmobility,16,0,27584.5,27699.5,267.949,783.223,114.5
ProvidenciaExampleScenario.node[717].veinsmobility,16,0,27530,27701,407.79,1358.53,170.5
ProvidenciaExampleScenario.node[809].veinsmobility,16.4485,0,27584,27701,285.388,811.304,116.5
ProvidenciaExampleScenario.node[782].veinsmobility,16.9,0,27567,27701.5,339.643,1081.68,134
ProvidenciaExampleScenario.node[848].veinsmobility,17.5,0,27610,27702,214.938,678.297,91.5
ProvidenciaExampleScenario.node[686].veinsmobility,18.5753,0,27503,27702,547.609,1740.35,198.5
ProvidenciaExampleScenario.node[738].veinsmobility,15.0488,0,27540,27702.5,328.904,1039.17,162
ProvidenciaExampleScenario.node[842].veinsmobility,16.25,3.20123,27604,27703.5,297.425,1165.39,99
ProvidenciaExampleScenario.node[790].veinsmobility,15.4383,0,27571,27703.5,289.924,991.36,132
ProvidenciaExampleScenario.node[574].veinsmobility,16,0,27423,27704,598.342,1962.7,280.5
ProvidenciaExampleScenario.node[891].veinsmobility,16.25,3.5,27647,27705,193.591,861.436,57.5
ProvidenciaExampleScenario.node[590].veinsmobility,16.25,0,27436,27705.5,585.767,1958.95,269
ProvidenciaExampleScenario.node[829].veinsmobility,18.25,1.34408,27598,27706,300.391,1309.06,107.5
ProvidenciaExampleScenario.node[863].veinsmobility,15.5,0,27621.5,27706,192.541,679.487,84
ProvidenciaExampleScenario.node[644].veinsmobility,16.25,0,27477,27706,517.745,1549.26,228.5
ProvidenciaExampleScenario.node[566].veinsmobility,16.4,0,27420,27706.5,652.736,2092.89,286
ProvidenciaExampleScenario.node[585].veinsmobility,18.0185,0,27432,27706.5,561.48,1689.46,274
ProvidenciaExampleScenario.node[516].veinsmobility,17.5,0,27383,27707.5,717.339,1621.63,324
ProvidenciaExampleScenario.node[719].veinsmobility,16.8929,0,27530,27708,349.128,805.523,177.5
ProvidenciaExampleScenario.node[778].veinsmobility,16.1194,0,27565,27708.5,352.822,1212.31,143
ProvidenciaExampleScenario.node[621].veinsmobility,16.25,0,27465.5,27708.5,564.032,1632.05,242.5
ProvidenciaExampleScenario.node[818].veinsmobility,17.3502,0,27589,27710,363.359,1515.16,120.5
ProvidenciaExampleScenario.node[899].veinsmobility,21,3.97066,27651.5,27711.5,217.483,681.192,59.5
ProvidenciaExampleScenario.node[909].veinsmobility,20.3219,6.9,27661.5,27713,187.291,682.906,51
ProvidenciaExampleScenario.node[897].veinsmobility,15.65,0,27650,27713,191.096,799.324,62.5
ProvidenciaExampleScenario.node[709].veinsmobility,21.9686,0,27522.5,27715,426.575,1074.16,192
ProvidenciaExampleScenario.node[473].veinsmobility,16.65,0,27360,27716,692.367,1916.35,355.5
ProvidenciaExampleScenario.node[731].veinsmobility,20.7457,0,27538.5,27716,394.547,1067.74,177
ProvidenciaExampleScenario.node[718].veinsmobility,22.1159,0,27530,27717,388.171,1059.43,186.5
ProvidenciaExampleScenario.node[727].veinsmobility,16.25,-0.553244,27536,27717.5,461.51,1589.51,181
ProvidenciaExampleScenario.node[788].veinsmobility,22.25,0,27570.5,27718.5,370.599,1071.18,147.5
ProvidenciaExampleScenario.node[706].veinsmobility,16.25,0,27521.5,27719,463.919,1588.88,197
ProvidenciaExampleScenario.node[820].veinsmobility,23.8486,0,27592,27721.5,377.39,1071.96,129
ProvidenciaExampleScenario.node[975].veinsmobility,17.15,6.9,27713,27722,43.9462,105.331,8.5
ProvidenciaExampleScenario.node[481].veinsmobility,15.3705,-1.08762,27360,27723,670.273,1942.33,362.5
ProvidenciaExampleScenario.node[831].veinsmobility,16.25,0,27600,27723,269.012,1031.68,122.5
ProvidenciaExampleScenario.node[927].veinsmobility,16.25,6.9,27677,27726,160.67,674.908,48.5
ProvidenciaExampleScenario.node[503].veinsmobility,18.5,0,27374.5,27726.5,718.002,1475.34,351.5
ProvidenciaExampleScenario.node[815].veinsmobility,19.25,0,27587,27726.5,372.76,1102.05,139
ProvidenciaExampleScenario.node[591].veinsmobility,22.483,0,27436.5,27726.5,677.077,1291.96,289.5
ProvidenciaExampleScenario.node[774].veinsmobility,18,0,27563.5,27728,334.27,974.673,164
ProvidenciaExampleScenario.node[802].veinsmobility,18.682,0,27579,27728.5,314.166,979.738,149
ProvidenciaExampleScenario.node[845].veinsmobility,18.8333,0,27606.5,27730,341.405,984.169,123
ProvidenciaExampleScenario.node[930].veinsmobility,18.6816,0,27682,27730.5,173.183,615.544,48
ProvidenciaExampleScenario.node[475].veinsmobility,15.7139,0,27360,27731,686.73,1924.87,370.5
ProvidenciaExampleScenario.node[711].veinsmobility,22.5,0,27525,27731.5,529.467,1289.61,206
ProvidenciaExampleScenario.node[894].veinsmobility,19.4,0,27648,27731.5,248.153,978.845,83
ProvidenciaExampleScenario.node[827].veinsmobility,18.5233,0,27596,27731.5,298.266,975.463,135
ProvidenciaExampleScenario.node[769].veinsmobility,21.25,0,27559.5,27732.5,460.061,1282.52,172.5
ProvidenciaExampleScenario.node[900].veinsmobility,20.65,2.36894,27652,27732.5,247.379,974.274,80
ProvidenciaExampleScenario.node[970].veinsmobility,16.25,6.9,27710.5,27733.5,105.127,277.108,22.5
ProvidenciaExampleScenario.node[607].veinsmobility,16.25,0,27449.5,27734,614.122,1851.61,284
ProvidenciaExampleScenario.node[821].veinsmobility,16.25,0,27592,27734,315.382,1039.96,141.5
ProvidenciaExampleScenario.node[737].veinsmobility,18.45,0,27540,27734.5,424.616,1318.52,194
ProvidenciaExampleScenario.node[691].veinsmobility,23.1375,0,27506.5,27734.5,585.091,1414.48,227.5
ProvidenciaExampleScenario.node[965].veinsmobility,15.65,3.06117,27706.5,27735,92.137,277.965,28
ProvidenciaExampleScenario.node[542].veinsmobility,15.0838,0,27406.5,27735.5,658.273,1861.38,328.5
ProvidenciaExampleScenario.node[713].veinsmobility,16.25,0,27528,27735.5,569.649,1836.72,207
ProvidenciaExampleScenario.node[667].veinsmobility,16.25,0,27490.5,27736,559.871,1854.7,245
ProvidenciaExampleScenario.node[527].veinsmobility,17.3098,0,27397,27736.5,718.908,1862.29,339
ProvidenciaExampleScenario.node[797].veinsmobility,22.5189,0,27576,27737,388.135,909.933,160.5
ProvidenciaExampleScenario.node[874].veinsmobility,19.8514,0,27629.5,27737.5,249.43,762.282,107.5
ProvidenciaExampleScenario.node[649].veinsmobility,15.75,0,27480,27738,546.831,1908.91,257.5
ProvidenciaExampleScenario.node[747].veinsmobility,19.602,0,27544,27738.5,436.385,1373.23,194
ProvidenciaExampleScenario.node[751].veinsmobility,16,0,27547,27739,470.286,1744.64,191.5
ProvidenciaExampleScenario.node[825].veinsmobility,16.25,0,27594,27739,269.828,623.586,144.5
ProvidenciaExampleScenario.node[917].veinsmobility,16.25,0,27669,27739,184.039,623.265,69.5
ProvidenciaExampleScenario.node[783].veinsmobility,19.25,0,27567.5,27739.5,449.044,1563.26,171.5
ProvidenciaExampleScenario.node[928].veinsmobility,17.5,0,27678,27740.5,180.97,626.327,62
ProvidenciaExampleScenario.node[847].veinsmobility,21.1755,-0.479763,27608,27741,331.501,921.575,132.5
ProvidenciaExampleScenario.node[754].veinsmobility,19.5748,0,27548.5,27741.5,434.549,1377.63,192.5
ProvidenciaExampleScenario.node[881].veinsmobility,23.2,0,27637,27742,415.226,1286.76,104.5
ProvidenciaExampleScenario.node[890].veinsmobility,16.45,0,27646.5,27743.5,217.958,641.878,96.5
ProvidenciaExampleScenario.node[915].veinsmobility,16.75,0,27666.5,27744.5,196.012,487.822,77.5
ProvidenciaExampleScenario.node[854].veinsmobility,22.5,0,27615.5,27745,434.378,1237.23,129
ProvidenciaExampleScenario.node[759].veinsmobility,18.7307,0,27554.5,27745,412.33,1381.51,190
ProvidenciaExampleScenario.node[877].veinsmobility,19.25,0,27633.5,27746,254.668,861.803,112
ProvidenciaExampleScenario.node[908].veinsmobility,15.65,0,27660,27747.5,198.25,483.022,87
ProvidenciaExampleScenario.node[948].veinsmobility,19.5748,7.1,27693.5,27748,191.846,863.923,54
ProvidenciaExampleScenario.node[901].veinsmobility,17.25,0,27655,27749.5,265.541,878.318,94
ProvidenciaExampleScenario.node[646].veinsmobility,15.1257,0,27479.5,27749.5,566.562,1715.22,269.5
ProvidenciaExampleScenario.node[702].veinsmobility,16,0,27517.5,27751,554.013,1851.94,233
ProvidenciaExampleScenario.node[955].veinsmobility,15.0563,5.9,27700,27752,130.247,625.28,51.5
ProvidenciaExampleScenario.node[761].veinsmobility,22.625,0,27555.5,27752.5,469.879,1433.85,196.5
ProvidenciaExampleScenario.node[896].veinsmobility,20.5,0,27649.5,27753,263.038,773.407,103
ProvidenciaExampleScenario.node[668].veinsmobility,15.1297,0,27492,27753.5,571.136,1850.86,261
ProvidenciaExampleScenario.node[883].veinsmobility,19.75,0,27638.5,27753.5,271.194,766.646,114.5
ProvidenciaExampleScenario.node[902].veinsmobility,19.25,0,27655,27754,244.303,767.92,98.5
ProvidenciaExampleScenario.node[780].veinsmobility,21.3058,0,27566,27754.5,433.55,1439.76,188
ProvidenciaExampleScenario.node[635].veinsmobility,16.4992,0,27473,27754.5,643.252,1875.26,281
ProvidenciaExampleScenario.node[893].veinsmobility,19.6965,0,27647.5,27754.5,264.409,768.454,106.5
ProvidenciaExampleScenario.node[886].veinsmobility,18.9382,0,27641.5,27754.5,264.559,765.956,112.5
ProvidenciaExampleScenario.node[941].veinsmobility,19.25,0,27688.5,27755,206.662,761.972,66
ProvidenciaExampleScenario.node[911].veinsmobility,18.8756,0,27662.5,27755.5,233.779,763.946,92.5
ProvidenciaExampleScenario.node[898].veinsmobility,17.917,0,27650,27757.5,233.014,779.181,107
ProvidenciaExampleScenario.node[942].veinsmobility,18.7078,1.24563,27690.5,27757.5,205.635,774.32,66.5
ProvidenciaExampleScenario.node[933].veinsmobility,16.25,0,27684,27758,230.507,694.029,73.5
ProvidenciaExampleScenario.node[876].veinsmobility,16.25,0,27633.5,27758,273.184,694.438,124
ProvidenciaExampleScenario.node[746].veinsmobility,20,0,27543.5,27758,529.355,1563.05,214
ProvidenciaExampleScenario.node[958].veinsmobility,19.811,5.4,27704,27759,205.645,770.819,54.5
ProvidenciaExampleScenario.node[913].veinsmobility,18.6101,0,27666,27759,227.855,773.251,92.5
ProvidenciaExampleScenario.node[765].veinsmobility,16.25,0,27557.5,27759.5,540.487,1856.18,201.5
ProvidenciaExampleScenario.node[945].veinsmobility,16.9,-1.7218,27692.5,27760,225.727,694.587,67
ProvidenciaExampleScenario.node[936].veinsmobility,18.0549,0,27685.5,27760.5,200.693,771.729,74.5
ProvidenciaExampleScenario.node[822].veinsmobility,19.25,-0.952347,27592.5,27761,442.203,1301.75,168
ProvidenciaExampleScenario.node[971].veinsmobility,19.25,5.4,27710.5,27761,172.708,769.53,50
ProvidenciaExampleScenario.node[938].veinsmobility,16.9,0,27687,27761,220.82,859.3,73.5
ProvidenciaExampleScenario.node[888].veinsmobility,16.9,0,27645.5,27761.5,246.148,770.251,115.5
ProvidenciaExampleScenario.node[714].veinsmobility,15.7481,0,27529,27762,515.767,1709.01,232.5
ProvidenciaExampleScenario.node[767].veinsmobility,18.8356,0,27558,27762.5,476.561,1312.03,204
ProvidenciaExampleScenario.node[823].veinsmobility,18.9972,0,27593.5,27763,437.51,1300.45,169
ProvidenciaExampleScenario.node[1008].veinsmobility,16.9,6.9,27726.5,27763.5,134.506,492.014,36.5
ProvidenciaExampleScenario.node[787].veinsmobility,19.3445,0,27569.5,27763.5,459.402,1300.9,193.5
ProvidenciaExampleScenario.node[806].veinsmobility,15.65,0,27582.5,27764.5,420.163,1336.41,181.5
ProvidenciaExampleScenario.node[692].veinsmobility,16,0,27507,27764.5,506.075,1329.97,257
ProvidenciaExampleScenario.node[977].veinsmobility,19.25,4.60418,27713.5,27764.5,183.966,771.419,50.5
ProvidenciaExampleScenario.node[657].veinsmobility,18.0499,-2.32048,27483,27765,585.867,1760.66,281.5
ProvidenciaExampleScenario.node[800].veinsmobility,18.5029,0,27577.5,27765.5,434.979,1295.34,187.5
ProvidenciaExampleScenario.node[860].veinsmobility,18.15,0,27620,27766.5,381.231,1295.98,146
ProvidenciaExampleScenario.node[839].veinsmobility,16.25,0,27601.5,27767,348.822,1122.6,165
ProvidenciaExampleScenario.node[983].veinsmobility,19.25,4.61022,27718,27767,183.029,777.947,48.5
ProvidenciaExampleScenario.node[1000].veinsmobility,19.3497,6.9,27723,27769,181.009,768.753,45.5
ProvidenciaExampleScenario.node[870].veinsmobility,15.65,0,27626,27771.5,329.752,1037.67,145
ProvidenciaExampleScenario.node[744].veinsmobility,16.25,-0.239664,27543,27772,540.085,1856.06,228.5
ProvidenciaExampleScenario.node[973].veinsmobility,16.9,6.9,27712,27772,190.577,858.721,59.5
ProvidenciaExampleScenario.node[925].veinsmobility,16.25,0,27676.5,27773,277.089,1064.79,96
ProvidenciaExampleScenario.node[756].veinsmobility,21.5,0,27552,27774.5,540.313,1669.01,222
ProvidenciaExampleScenario.node[390].veinsmobility,16.15,-2.56582,27300,27775.5,826.797,1927.06,475
ProvidenciaExampleScenario.node[1011].veinsmobility,19.25,6.9,27728,27775.5,176.096,765.943,47
ProvidenciaExampleScenario.node[672].veinsmobility,15.2882,0,27497,27776,556.985,1725.5,278.5
ProvidenciaExampleScenario.node[984].veinsmobility,18.75,5.5,27719.5,27777,189.949,862.757,57
ProvidenciaExampleScenario.node[904].veinsmobility,15.85,-0.544561,27657.5,27777,246.107,744.761,119
ProvidenciaExampleScenario.node[1013].veinsmobility,19.25,6.9,27729.5,27777,182.848,776.955,47
ProvidenciaExampleScenario.node[1043].veinsmobility,18.15,6.03681,27755,27780,84.8559,334.743,24.5
ProvidenciaExampleScenario.node[934].veinsmobility,18,0,27684.5,27780.5,261.94,976.14,95.5
ProvidenciaExampleScenario.node[974].veinsmobility,16.35,0,27712.5,27782.5,206.382,641.454,69.5
ProvidenciaExampleScenario.node[313].veinsmobility,15.8886,0,27240,27783,926.688,1934.89,542.5
ProvidenciaExampleScenario.node[978].veinsmobility,18.15,5.4,27713.5,27783,229.946,980.597,69
ProvidenciaExampleScenario.node[907].veinsmobility,19.9355,0,27659.5,27783,387.841,1307.6,123
ProvidenciaExampleScenario.node[230].veinsmobility,16.3,0,27180,27787.5,1080.5,2646.07,607
ProvidenciaExampleScenario.node[474].veinsmobility,14.95,-0.399994,27360,27791.5,751.162,1953.85,431
ProvidenciaExampleScenario.node[846].veinsmobility,21.75,0,27607,27791.5,426.679,1134.28,184
ProvidenciaExampleScenario.node[1016].veinsmobility,16.25,3.5,27732.5,27793,195.67,855.218,60
ProvidenciaExampleScenario.node[912].veinsmobility,22.5,0,27665,27794,363.846,1145.43,128.5
ProvidenciaExampleScenario.node[1004].veinsmobility,23.15,-8.44363,27724.5,27795.5,391.176,1106.67,70.5
ProvidenciaExampleScenario.node[972].veinsmobility,18.3878,0,27711.5,27798,307.248,909.364,86
ProvidenciaExampleScenario.node[1026].veinsmobility,16.25,3.5,27738.5,27798.5,199.855,858.065,59.5
ProvidenciaExampleScenario.node[472].veinsmobility,15.4,0,27360,27799.5,756.44,1938.92,439
ProvidenciaExampleScenario.node[981].veinsmobility,16.9,0,27716.5,27801,196.366,801.993,84
ProvidenciaExampleScenario.node[642].veinsmobility,19.75,0,27476,27803.5,770.019,2487.55,327
ProvidenciaExampleScenario.node[665].veinsmobility,21.9,0,27489.5,27806,742.985,2301.88,316
ProvidenciaExampleScenario.node[1033].veinsmobility,15.7851,4.28506,27743,27806,197.458,873.715,62.5
ProvidenciaExampleScenario.node[865].veinsmobility,22.5,0,27623.5,27806.5,486.188,1328.87,182.5
ProvidenciaExampleScenario.node[937].veinsmobility,18.375,0,27687,27806.5,310.487,990.706,119
ProvidenciaExampleScenario.node[480].veinsmobility,15.7885,-1.19998,27360,27807,737.498,1984.08,446.5
ProvidenciaExampleScenario.node[1009].veinsmobility,17.5,0,27726.5,27807,220.287,639.58,80
ProvidenciaExampleScenario.node[923].veinsmobility,15,0,27676,27807.5,244.958,638.782,131
ProvidenciaExampleScenario.node[892].veinsmobility,15.3534,0,27647.5,27807.5,269.294,639.394,159.5
ProvidenciaExampleScenario.node[819].veinsmobility,18.3156,0,27590.5,27808,544.98,1728.83,217
ProvidenciaExampleScenario.node[953].veinsmobility,18.3424,0,27696.5,27808,285.509,995.189,111
ProvidenciaExampleScenario.node[592].veinsmobility,19.75,0,27436.5,27808.5,762.276,2078.61,371.5
ProvidenciaExampleScenario.node[606].veinsmobility,16.75,0,27449,27808.5,738.635,1856.27,359
ProvidenciaExampleScenario.node[966].veinsmobility,15.85,0,27708,27809,219.258,641.586,100.5
ProvidenciaExampleScenario.node[982].veinsmobility,15.85,0,27717,27809.5,213.018,639.397,92
ProvidenciaExampleScenario.node[844].veinsmobility,19.25,0,27606,27809.5,450.869,1130.66,203
ProvidenciaExampleScenario.node[1048].veinsmobility,19.5271,3.48538,27760.5,27809.5,167.953,650.012,48.5
ProvidenciaExampleScenario.node[932].veinsmobility,16.25,0,27683.5,27811,294.324,792.365,127
ProvidenciaExampleScenario.node[1094].veinsmobility,15.5279,4.67584,27801.5,27813.5,48.8583,106.111,11.5
ProvidenciaExampleScenario.node[961].veinsmobility,16.25,0,27704.5,27814,325.046,1166.51,109
ProvidenciaExampleScenario.node[946].veinsmobility,15.65,0,27693,27814,254.598,799.293,120.5
ProvidenciaExampleScenario.node[939].veinsmobility,15,0,27687.5,27816,258.738,1039.4,128
ProvidenciaExampleScenario.node[760].veinsmobility,22.4983,0,27555,27818,492.406,849.315,262.5
ProvidenciaExampleScenario.node[637].veinsmobility,15.4325,0,27474,27818.5,659.31,1748.91,344
ProvidenciaExampleScenario.node[1017].veinsmobility,16.25,1.10859,27734,27818.5,220.162,993.547,84
ProvidenciaExampleScenario.node[1035].veinsmobility,20.9772,0,27746,27819,224.65,678.545,72.5
ProvidenciaExampleScenario.node[1029].veinsmobility,15.1496,4.33823,27741,27820,211.147,989.793,78.5
ProvidenciaExampleScenario.node[779].veinsmobility,16.6433,-1.0609,27565.5,27820.5,593.315,1693.41,254.5
ProvidenciaExampleScenario.node[1047].veinsmobility,16.25,3.5,27760.5,27820.5,201.575,862.19,59.5
ProvidenciaExampleScenario.node[721].veinsmobility,15,0,27531.5,27821,598.963,1629.92,289
ProvidenciaExampleScenario.node[1021].veinsmobility,20.9254,0,27736,27821.5,257.084,681.739,85
ProvidenciaExampleScenario.node[889].veinsmobility,16.25,0,27646,27822.5,454.595,1583.05,176
ProvidenciaExampleScenario.node[940].veinsmobility,15.3958,0,27688.5,27822.5,304.335,1128.61,133.5
ProvidenciaExampleScenario.node[785].veinsmobility,16.25,0,27568.5,27822.5,582.055,1950.86,253.5
ProvidenciaExampleScenario.node[768].veinsmobility,17.2454,0,27558.5,27822.5,631.3,1675.21,263.5
ProvidenciaExampleScenario.node[895].veinsmobility,15.4383,0,27649,27823.5,395.182,1118.92,174
ProvidenciaExampleScenario.node[903].veinsmobility,16.25,0,27655.5,27824,348.313,1083.51,168
ProvidenciaExampleScenario.node[1025].veinsmobility,16.25,0,27738.5,27824,234.553,806.158,85
ProvidenciaExampleScenario.node[803].veinsmobility,16.25,0,27580.5,27824,544.369,1629.45,243
ProvidenciaExampleScenario.node[919].veinsmobility,15.9996,0,27671.5,27824.5,372.815,1583.72,152.5
ProvidenciaExampleScenario.node[707].veinsmobility,15.0988,0,27521.5,27824.5,633.619,1966.03,302.5
ProvidenciaExampleScenario.node[789].veinsmobility,16.25,0,27571,27824.5,582.84,1624.23,253
ProvidenciaExampleScenario.node[1005].veinsmobility,17.1,0,27725,27825.5,230.604,697.349,100
ProvidenciaExampleScenario.node[781].veinsmobility,18.9005,0,27566,27829.5,589.097,1575.06,263
ProvidenciaExampleScenario.node[1054].veinsmobility,15.8,2.42139,27767.5,27834,185.064,692.691,66
ProvidenciaExampleScenario.node[960].veinsmobility,23.75,0,27704.5,27834.5,356.414,1064.6,129.5
ProvidenciaExampleScenario.node[916].veinsmobility,22.446,0,27668.5,27835,411.894,1059.54,166
ProvidenciaExampleScenario.node[882].veinsmobility,22.1807,0,27637.5,27838,452.285,1075.19,200
ProvidenciaExampleScenario.node[1007].veinsmobility,21.292,0,27726,27839.5,304.52,1068.73,113
ProvidenciaExampleScenario.node[944].veinsmobility,22.25,0,27691,27841,388.074,1072.57,149.5
ProvidenciaExampleScenario.node[924].veinsmobility,15.6833,0,27676,27841,424.554,1557.35,164.5
ProvidenciaExampleScenario.node[1019].veinsmobility,22.6949,0,27735,27842.5,287.061,1069.99,107
ProvidenciaExampleScenario.node[794].veinsmobility,16,0,27573,27845.5,608.448,1855.65,272
ProvidenciaExampleScenario.node[830].veinsmobility,15.5239,0,27599.5,27846,548.277,1855.04,246
ProvidenciaExampleScenario.node[969].veinsmobility,15,0,27709.5,27847,263.665,1033.83,137
ProvidenciaExampleScenario.node[841].veinsmobility,16.9,0,27602.5,27848.5,597.509,1869.19,245.5
ProvidenciaExampleScenario.node[1104].veinsmobility,15.6051,5.5,27811.5,27849.5,116.653,484.013,37.5
ProvidenciaExampleScenario.node[1051].veinsmobility,15.65,3.37111,27765,27850,211.352,1029.94,84.5
ProvidenciaExampleScenario.node[1022].veinsmobility,18.5251,0,27736.5,27850.5,316.595,1003.98,113.5
ProvidenciaExampleScenario.node[853].veinsmobility,22.1241,-2.1447,27615.5,27851,592.116,1281.93,235
ProvidenciaExampleScenario.node[920].veinsmobility,22.4415,0,27672,27852,488.667,1290.82,179.5
ProvidenciaExampleScenario.node[641].veinsmobility,19.75,0,27475,27853,842.434,2264.6,377.5
ProvidenciaExampleScenario.node[976].veinsmobility,22.25,0,27713,27853,513.937,1415.28,139.5
ProvidenciaExampleScenario.node[1071].veinsmobility,20.0417,0.957799,27786.5,27853,227.095,856.619,66
ProvidenciaExampleScenario.node[959].veinsmobility,22.4117,0,27704.5,27853.5,420.876,1287.85,148.5
ProvidenciaExampleScenario.node[1032].veinsmobility,17.5,4.11241,27742.5,27853.5,391.217,1578.12,110.5
ProvidenciaExampleScenario.node[1024].veinsmobility,17.5,0,27737.5,27856.5,234.358,499.06,118.5
ProvidenciaExampleScenario.node[968].veinsmobility,21.2717,0,27709.5,27857,423.679,1280.45,147
ProvidenciaExampleScenario.node[926].veinsmobility,21.6136,0,27676.5,27857,409.005,911.506,180
ProvidenciaExampleScenario.node[1129].veinsmobility,16.25,6.9,27836.5,27857.5,82.1352,277.868,20.5
ProvidenciaExampleScenario.node[1006].veinsmobility,23.0226,0,27726,27857.5,467.262,1288.04,131
ProvidenciaExampleScenario.node[1062].veinsmobility,16.75,0,27778.5,27859,203.928,483.162,80
ProvidenciaExampleScenario.node[1010].veinsmobility,21.8383,0,27727.5,27859.5,335.911,915.19,131.5
ProvidenciaExampleScenario.node[786].veinsmobility,16.25,0,27569,27859.5,600.983,1731.63,290
ProvidenciaExampleScenario.node[1041].veinsmobility,18.8456,0,27752.5,27861.5,284.562,915.997,108.5
ProvidenciaExampleScenario.node[1057].veinsmobility,16.75,0,27770.5,27862,202.366,498.672,91
ProvidenciaExampleScenario.node[947].veinsmobility,16.3557,-0.181474,27693,27862.5,377.625,1042.57,169
ProvidenciaExampleScenario.node[1065].veinsmobility,16.25,0,27779.5,27863,255.92,862.778,83
ProvidenciaExampleScenario.node[1080].veinsmobility,21.9569,1.80331,27792,27863.5,261.789,920.417,71
ProvidenciaExampleScenario.node[963].veinsmobility,15.8348,0,27705.5,27863.5,347.384,1068.46,157.5
ProvidenciaExampleScenario.node[967].veinsmobility,19,-0.4319,27709,27864.5,373.294,1108.66,155
ProvidenciaExampleScenario.node[740].veinsmobility,15.4,0,27540,27865,656.894,1924.71,324.5
ProvidenciaExampleScenario.node[805].veinsmobility,23.5,-2.10981,27581,27865,765.193,2626.26,283.5
ProvidenciaExampleScenario.node[1078].veinsmobility,16.25,6.9,27792,27865.5,201.856,1035.06,73
ProvidenciaExampleScenario.node[935].veinsmobility,16.25,0,27684.5,27866.5,380.853,1084.05,181.5
ProvidenciaExampleScenario.node[951].veinsmobility,21.133,0,27694.5,27867,462.457,1673.52,172
ProvidenciaExampleScenario.node[1037].veinsmobility,15,0,27749,27867.5,285.844,1070.64,118
ProvidenciaExampleScenario.node[1162].veinsmobility,12.9,5.4,27856,27868,33.2287,108.403,11.5
ProvidenciaExampleScenario.node[906].veinsmobility,16.75,0,27658,27868,526.435,1470.52,209.5
ProvidenciaExampleScenario.node[950].veinsmobility,20.6314,0.173664,27694.5,27869,459.979,1801.79,174
ProvidenciaExampleScenario.node[980].veinsmobility,20.9604,0,27715.5,27869,458.346,1664.76,153
ProvidenciaExampleScenario.node[826].veinsmobility,15.1966,0,27596,27869.5,616.865,1849.06,273
ProvidenciaExampleScenario.node[918].veinsmobility,16.9,0,27670.5,27870.5,523.996,1859.78,199.5
ProvidenciaExampleScenario.node[922].veinsmobility,20.1254,0,27675.5,27872.5,482.148,1666.71,196.5
ProvidenciaExampleScenario.node[1045].veinsmobility,19.75,0,27756,27873.5,283.106,774.395,117
ProvidenciaExampleScenario.node[905].veinsmobility,15.8376,0,27657.5,27874,384.965,903.842,216
ProvidenciaExampleScenario.node[880].veinsmobility,21.9,0,27636.5,27874.5,564.661,1618.86,237.5
ProvidenciaExampleScenario.node[1093].veinsmobility,19.25,0,27800.5,27875,223.07,767.454,74
ProvidenciaExampleScenario.node[1102].veinsmobility,16,3.5,27810.5,27875,204.48,861.3,64
ProvidenciaExampleScenario.node[1084].veinsmobility,18,0,27795.5,27875.5,214.822,768.284,79.5
ProvidenciaExampleScenario.node[1109].veinsmobility,18.4487,5.4,27821,27876.5,192.891,763.66,55
ProvidenciaExampleScenario.node[962].veinsmobility,16.4638,0,27705,27877,312.974,939.552,171.5
ProvidenciaExampleScenario.node[868].veinsmobility,21.25,0,27626,27877,608.679,1577.25,250.5
ProvidenciaExampleScenario.node[1111].veinsmobility,18.8834,6.35,27823,27877,182.484,778.851,53.5
ProvidenciaExampleScenario.node[1166].veinsmobility,16.25,6.9,27857,27878,82.1344,277.868,20.5
ProvidenciaExampleScenario.node[1103].veinsmobility,15.7,5.24813,27811,27878,206.044,887.428,66.5
ProvidenciaExampleScenario.node[1018].veinsmobility,20.25,0,27734,27878.5,445.807,1297.47,144
ProvidenciaExampleScenario.node[1056].veinsmobility,15.65,0,27770,27880,270.353,930.234,109.5
ProvidenciaExampleScenario.node[999].veinsmobility,18.25,0,27722,27880,422.211,1294.9,157.5
ProvidenciaExampleScenario.node[1031].veinsmobility,19.4,0,27742,27882,402.765,1299.47,139.5
ProvidenciaExampleScenario.node[993].veinsmobility,15.3524,0,27720,27883,337.79,1039.13,162.5
ProvidenciaExampleScenario.node[1123].veinsmobility,18.8958,5.4,27834,27884,177.293,769.489,49.5
ProvidenciaExampleScenario.node[1136].veinsmobility,19.25,5.4,27839.5,27887,180.586,763.581,47
ProvidenciaExampleScenario.node[1073].veinsmobility,19.5,0,27788.5,27888.5,253.652,859.869,99.5
ProvidenciaExampleScenario.node[952].veinsmobility,15.8154,0,27695.5,27890,380.804,1130.02,194
ProvidenciaExampleScenario.node[995].veinsmobility,14.85,0,27720,27891.5,292.8,676.516,171
ProvidenciaExampleScenario.node[1028].veinsmobility,15.9188,0,27740.5,27892,346.347,1123.01,151
ProvidenciaExampleScenario.node[1152].veinsmobility,18.9382,6.9,27845.5,27893.5,174.462,770.825,47.5
ProvidenciaExampleScenario.node[1119].veinsmobility,16.25,3.5,27832,27893.5,204.702,864.643,61
ProvidenciaExampleScenario.node[1124].veinsmobility,16.9,6.9,27834.5,27894.5,183.32,857.6,59.5
ProvidenciaExampleScenario.node[1097].veinsmobility,19.25,0,27805,27897,268.653,972.498,91.5
ProvidenciaExampleScenario.node[1088].veinsmobility,19.4,0,27797.5,27897,288.402,981.561,99
ProvidenciaExampleScenario.node[1126].veinsmobility,15,3.5,27835,27898.5,187.493,858.199,63
ProvidenciaExampleScenario.node[628].veinsmobility,16.25,0,27469,27900,555.551,941.638,431
ProvidenciaExampleScenario.node[648].veinsmobility,15.5926,0,27480,27900,776.7,1888.42,420
ProvidenciaExampleScenario.node[650].veinsmobility,15.7539,0,27480,27900,654.036,1269.62,420
ProvidenciaExampleScenario.node[660].veinsmobility,14.5,0,27486.5,27900,445.26,251.714,413.5
ProvidenciaExampleScenario.node[680].veinsmobility,16.4,0,27501.5,27900,439.928,249.156,398.5
ProvidenciaExampleScenario.node[733].veinsmobility,15.5,0,27540,27900,560.065,1285.18,360
ProvidenciaExampleScenario.node[734].veinsmobility,10.8,0,27540,27900,384.31,234.451,360
ProvidenciaExampleScenario.node[735].veinsmobility,16.0049,0,27540,27900,634.917,1454.33,360
ProvidenciaExampleScenario.node[736].veinsmobility,16.6,0,27540,27900,660.584,1610.26,360
ProvidenciaExampleScenario.node[739].veinsmobility,15.5381,0,27540,27900,604.084,1441.16,360
ProvidenciaExampleScenario.node[741].veinsmobility,15.3468,-0.399994,27540,27900,587.681,1366.47,360
ProvidenciaExampleScenario.node[742].veinsmobility,15.95,0,27540,27900,486.422,943.479,360
ProvidenciaExampleScenario.node[808].veinsmobility,14.4,0,27583.5,27900,342.068,239.303,316.5
ProvidenciaExampleScenario.node[817].veinsmobility,16,0,27588.5,27900,473.796,1074.46,311.5
ProvidenciaExampleScenario.node[824].veinsmobility,16.25,0,27593.5,27900,597.199,1403.92,306.5
ProvidenciaExampleScenario.node[832].veinsmobility,14.0813,0,27600,27900,481.173,1223.56,300
ProvidenciaExampleScenario.node[833].veinsmobility,15.5,0,27600,27900,502.564,1293.79,300
ProvidenciaExampleScenario.node[834].veinsmobility,14.5971,0,27600,27900,511.271,1163.55,300
ProvidenciaExampleScenario.node[837].veinsmobility,15.9302,-0.399994,27600,27900,515.145,1241.8,300
ProvidenciaExampleScenario.node[838].veinsmobility,15.12,0,27600,27900,495.178,1309.98,300
ProvidenciaExampleScenario.node[843].veinsmobility,15.4684,0,27604.5,27900,324.461,233.08,295.5
ProvidenciaExampleScenario.node[856].veinsmobility,15.65,0,27617.5,27900,485.635,1129.37,282.5
ProvidenciaExampleScenario.node[864].veinsmobility,15.65,0,27621.5,27900,306.098,225.972,278.5
ProvidenciaExampleScenario.node[866].veinsmobility,15.9779,-0.440383,27624.5,27900,443.685,1070.33,275.5
ProvidenciaExampleScenario.node[871].veinsmobility,16.4463,0,27627.5,27900,309.244,218.416,272.5
ProvidenciaExampleScenario.node[873].veinsmobility,21.9,0,27628,27900,674.877,2150.06,272
ProvidenciaExampleScenario.node[875].veinsmobility,15.0139,0,27631.5,27900,544.003,1501.68,268.5
ProvidenciaExampleScenario.node[878].veinsmobility,15.735,0,27635,27900,455.939,1050.4,265
ProvidenciaExampleScenario.node[887].veinsmobility,16.25,-1.11601,27643,27900,462.247,1135.87,257
ProvidenciaExampleScenario.node[914].veinsmobility,22.5,0,27666,27900,616.434,2142.26,234
ProvidenciaExampleScenario.node[921].veinsmobility,18.5,0,27674.5,27900,470.039,1543.66,225.5
ProvidenciaExampleScenario.node[929].veinsmobility,12.9,0,27678,27900,250.525,219.222,222
ProvidenciaExampleScenario.node[931].veinsmobility,16.25,0,27683,27900,431.091,1110.01,217
ProvidenciaExampleScenario.node[943].veinsmobility,15.8171,0,27690.5,27900,408.506,1133.48,209.5
ProvidenciaExampleScenario.node[949].veinsmobility,16.25,0,27694,27900,409.081,976.262,206
ProvidenciaExampleScenario.node[954].veinsmobility,15.0891,0,27699.5,27900,224.698,202.517,200.5
ProvidenciaExampleScenario.node[956].veinsmobility,17.8921,0,27700.5,27900,445.221,1166.77,199.5
ProvidenciaExampleScenario.node[957].veinsmobility,4.85547,0,27703.5,27900,195.432,56.016,196.5
ProvidenciaExampleScenario.node[964].veinsmobility,17.981,0,27706,27900,427.396,907.8,194
ProvidenciaExampleScenario.node[979].veinsmobility,16.3672,0,27715,27900,305.282,958.663,185
ProvidenciaExampleScenario.node[985].veinsmobility,16.9,0,27720,27900,231.471,196.403,180
ProvidenciaExampleScenario.node[986].veinsmobility,15.3,0,27720,27900,328.917,758.22,180
ProvidenciaExampleScenario.node[987].veinsmobility,15.3,0,27720,27900,350.18,969.822,180
ProvidenciaExampleScenario.node[988].veinsmobility,15.05,0,27720,27900,321.719,775.101,180
ProvidenciaExampleScenario.node[989].veinsmobility,12.4769,0,27720,27900,204.522,190.904,180
ProvidenciaExampleScenario.node[990].veinsmobility,15.4,-0.399994,27720,27900,368.082,1160.56,180
ProvidenciaExampleScenario.node[991].veinsmobility,14.9406,0,27720,27900,326.745,946.223,180
ProvidenciaExampleScenario.node[992].veinsmobility,17.8,0,27720,27900,350.258,979.246,180
ProvidenciaExampleScenario.node[994].veinsmobility,15.4072,-0.799988,27720,27900,303.63,740.289,180
ProvidenciaExampleScenario.node[996].veinsmobility,15.1915,-1.19998,27720,27900,305.386,793.253,180
ProvidenciaExampleScenario.node[997].veinsmobility,14.9,-0.399994,27720,27900,320.439,930.272,180
ProvidenciaExampleScenario.node[998].veinsmobility,15.0959,0,27720,27900,312.979,893.958,180
ProvidenciaExampleScenario.node[1001].veinsmobility,16.2981,0,27723.5,27900,344.988,851.487,176.5
ProvidenciaExampleScenario.node[1002].veinsmobility,15.65,0,27724,27900,286.583,930.746,176
ProvidenciaExampleScenario.node[1003].veinsmobility,16,0,27724.5,27900,343.051,1133.57,175.5
ProvidenciaExampleScenario.node[1012].veinsmobility,15.65,0,27729.5,27900,374.048,1154.41,170.5
ProvidenciaExampleScenario.node[1014].veinsmobility,16,0,27730,27900,339.053,1148.21,170
ProvidenciaExampleScenario.node[1015].veinsmobility,18.15,0,27732,27900,415.156,1187.52,168
ProvidenciaExampleScenario.node[1020].veinsmobility,16,0,27735,27900,350.241,1037.87,165
ProvidenciaExampleScenario.node[1023].veinsmobility,22.5,0,27736.5,27900,408.468,1086.38,163.5
ProvidenciaExampleScenario.node[1027].veinsmobility,16.9,0,27740.5,27900,390.622,1157.72,159.5
ProvidenciaExampleScenario.node[1030].veinsmobility,16.25,0,27741.5,27900,249.134,794.404,158.5
ProvidenciaExampleScenario.node[1034].veinsmobility,16.25,0,27744.5,27900,347.407,1154.15,155.5
ProvidenciaExampleScenario.node[1036].veinsmobility,18.3214,0,27748,27900,326.586,918.232,152
ProvidenciaExampleScenario.node[1038].veinsmobility,18.5,0,27750,27900,309.552,818.66,150
ProvidenciaExampleScenario.node[1039].veinsmobility,15.85,0,27751,27900,261.389,947.818,149
ProvidenciaExampleScenario.node[1040].veinsmobility,18.45,0,27752.5,27900,310.575,972.169,147.5
ProvidenciaExampleScenario.node[1042].veinsmobility,16.7231,0,27755,27900,360.104,1299.18,145
ProvidenciaExampleScenario.node[1044].veinsmobility,16.25,0,27755.5,27900,341.189,1222.19,144.5
ProvidenciaExampleScenario.node[1046].veinsmobility,15.8568,0,27756.5,27900,256.371,940.293,143.5
ProvidenciaExampleScenario.node[1049].veinsmobility,16.75,0,27763.5,27900,249.261,492.636,136.5
ProvidenciaExampleScenario.node[1050].veinsmobility,16.25,0,27765,27900,331.871,1143.3,135
ProvidenciaExampleScenario.node[1052].veinsmobility,16.25,0,27766,27900,327.316,1129.46,134
ProvidenciaExampleScenario.node[1053].veinsmobility,18.7408,-2.19031,27766.5,27900,342.287,914.018,133.5
ProvidenciaExampleScenario.node[1055].veinsmobility,15.9,0,27770,27900,213.503,491.848,130
ProvidenciaExampleScenario.node[1058].veinsmobility,15.0263,0,27773.5,27900,209.061,480.811,126.5
ProvidenciaExampleScenario.node[1059].veinsmobility,16.25,0,27775.5,27900,271.361,739.884,124.5
ProvidenciaExampleScenario.node[1060].veinsmobility,16.25,0,27776,27900,331.206,803.901,124
ProvidenciaExampleScenario.node[1061].veinsmobility,15.65,0,27777,27900,203.402,514.243,123
ProvidenciaExampleScenario.node[1063].veinsmobility,15.4383,0,27778.5,27900,203.144,498.463,121.5
ProvidenciaExampleScenario.node[1064].veinsmobility,18.5,0,27779,27900,348.25,1223.82,121
ProvidenciaExampleScenario.node[1066].veinsmobility,16.3388,0,27782.5,27900,231.342,938.596,117.5
ProvidenciaExampleScenario.node[1067].veinsmobility,16.75,0,27783,27900,265.106,805.439,117
ProvidenciaExampleScenario.node[1068].veinsmobility,16.25,0,27785,27900,261.8,704.785,115
ProvidenciaExampleScenario.node[1069].veinsmobility,16,0,27786,27900,244.725,688.913,114
ProvidenciaExampleScenario.node[1070].veinsmobility,16,0,27786.5,27900,235.234,675.044,113.5
ProvidenciaExampleScenario.node[1072].veinsmobility,12.9,0,27788,27900,144.759,188.247,112
ProvidenciaExampleScenario.node[1074].veinsmobility,16.25,0,27790,27900,188.07,513.73,110
ProvidenciaExampleScenario.node[1075].veinsmobility,21.9,0,27790.5,27900,342.468,978.386,109.5
ProvidenciaExampleScenario.node[1076].veinsmobility,16.9,0,27791.5,27900,253.742,699.089,108.5
ProvidenciaExampleScenario.node[1077].veinsmobility,16.2959,0,27791.5,27900,228.957,659.754,108.5
ProvidenciaExampleScenario.node[1079].veinsmobility,16.25,0,27792,27900,227.074,668.392,108
ProvidenciaExampleScenario.node[1081].veinsmobility,16.25,0,27792.5,27900,243.098,738.185,107.5
ProvidenciaExampleScenario.node[1082].veinsmobility,16,0,27792.5,27900,249.377,705.098,107.5
ProvidenciaExampleScenario.node[1083].veinsmobility,22.25,0,27795,27900,295.042,702.396,105
ProvidenciaExampleScenario.node[1085].veinsmobility,18.9149,0,27797.5,27900,257.746,581.328,102.5
ProvidenciaExampleScenario.node[1086].veinsmobility,15.85,0,27797.5,27900,198.794,492.537,102.5
ProvidenciaExampleScenario.node[1087].veinsmobility,16.45,0,27797.5,27900,290.554,779.756,102.5
ProvidenciaExampleScenario.node[1089].veinsmobility,16.75,0,27798.5,27900,280.519,843.996,101.5
ProvidenciaExampleScenario.node[1090].veinsmobility,16.25,0,27799,27900,187.342,534.74,101
ProvidenciaExampleScenario.node[1091].veinsmobility,18.5,0,27800.5,27900,242.537,573.6,99.5
ProvidenciaExampleScenario.node[1092].veinsmobility,16.25,0,27800.5,27900,177.085,574.135,99.5
ProvidenciaExampleScenario.node[1095].veinsmobility,16.25,0,27801.5,27900,220.185,716.2,98.5
ProvidenciaExampleScenario.node[1096].veinsmobility,23.5,0,27803.5,27900,330.367,985.231,96.5
ProvidenciaExampleScenario.node[1098].veinsmobility,16.05,0,27807,27900,168.993,573.322,93
ProvidenciaExampleScenario.node[1099].veinsmobility,18.75,0,27807,27900,191.668,575.652,93
ProvidenciaExampleScenario.node[1100].veinsmobility,15.65,0,27808.5,27900,179.733,482.407,91.5
ProvidenciaExampleScenario.node[1101].veinsmobility,15.7353,0,27809,27900,167.485,583.814,91
ProvidenciaExampleScenario.node[1105].veinsmobility,19.4325,0,27814,27900,193.366,588.339,86
ProvidenciaExampleScenario.node[1106].veinsmobility,16.25,0,27814.5,27900,214.17,698.135,85.5
ProvidenciaExampleScenario.node[1107].veinsmobility,15.65,4.47063,27819,27900,239.915,912.09,81
ProvidenciaExampleScenario.node[1108].veinsmobility,14.6182,0,27821,27900,169.997,757.536,79
ProvidenciaExampleScenario.node[1110].veinsmobility,15.65,0,27822.5,27900,178.829,655.049,77.5
ProvidenciaExampleScenario.node[1112].veinsmobility,16.25,0,27823,27900,192.137,728.538,77
ProvidenciaExampleScenario.node[1113].veinsmobility,16.7,0,27825,27900,255.207,715.786,75
ProvidenciaExampleScenario.node[1114].veinsmobility,17.1,0,27827,27900,159.118,540.339,73
ProvidenciaExampleScenario.node[1115].veinsmobility,15,0,27828,27900,128.728,274.918,72
ProvidenciaExampleScenario.node[1116].veinsmobility,16.25,0,27829.5,27900,138.272,292.36,70.5
ProvidenciaExampleScenario.node[1117].veinsmobility,19.375,5.4,27829.5,27900,280.876,1111.78,70.5
ProvidenciaExampleScenario.node[1118].veinsmobility,20.65,0,27830,27900,236.241,950.43,70
ProvidenciaExampleScenario.node[1120].veinsmobility,15.1011,0,27832.5,27900,135.674,263.219,67.5
ProvidenciaExampleScenario.node[1121].veinsmobility,15.85,0,27832.5,27900,108.483,279.376,67.5
ProvidenciaExampleScenario.node[1122].veinsmobility,15.5,0,27833,27900,144.266,561.361,67
ProvidenciaExampleScenario.node[1125].veinsmobility,15.65,0,27834.5,27900,178.323,622.837,65.5
ProvidenciaExampleScenario.node[1127].veinsmobility,15.65,0,27835.5,27900,94.0792,130.223,64.5
ProvidenciaExampleScenario.node[1128].veinsmobility,16.0652,0,27836,27900,124.041,225.406,64
ProvidenciaExampleScenario.node[1130].veinsmobility,16.9,0,27836.5,27900,181.432,682.736,63.5
ProvidenciaExampleScenario.node[1131].veinsmobility,16.1144,0,27836.5,27900,179.898,670.521,63.5
ProvidenciaExampleScenario.node[1132].veinsmobility,15.8371,1.11941,27837.5,27900,170.045,673.806,62.5
ProvidenciaExampleScenario.node[1133].veinsmobility,16.7563,1.08808,27837.5,27900,178.537,723.662,62.5
ProvidenciaExampleScenario.node[1134].veinsmobility,13.9,0,27839,27900,94.1361,195.466,61
ProvidenciaExampleScenario.node[1135].veinsmobility,15.65,0,27839.5,27900,147.86,520.572,60.5
ProvidenciaExampleScenario.node[1137].veinsmobility,15.75,0,27840,27900,143.926,500.186,60
ProvidenciaExampleScenario.node[1138].veinsmobility,16.2,0.45,27840,27900,164.653,651.091,60
ProvidenciaExampleScenario.node[1139].veinsmobility,15.05,0,27840,27900,143.947,466.469,60
ProvidenciaExampleScenario.node[1140].veinsmobility,15.372,-1.60735,27840,27900,121.961,367.083,60
ProvidenciaExampleScenario.node[1141].veinsmobility,15.3,0,27840,27900,100.446,208.258,60
ProvidenciaExampleScenario.node[1142].veinsmobility,16.15,0,27840,27900,107.998,277.699,60
ProvidenciaExampleScenario.node[1143].veinsmobility,15.65,0,27841,27900,96.703,250.319,59
ProvidenciaExampleScenario.node[1144].veinsmobility,15.65,6.9,27841,27900,171.335,801.658,59
ProvidenciaExampleScenario.node[1145].veinsmobility,21.9,6.9,27842,27900,264.748,1010.4,58
ProvidenciaExampleScenario.node[1146].veinsmobility,16.449,2.75797,27842.5,27900,174.944,654.283,57.5
ProvidenciaExampleScenario.node[1147].veinsmobility,16,3.5,27842.5,27900,191.946,822.71,57.5
ProvidenciaExampleScenario.node[1148].veinsmobility,15.4417,2.87447,27843.5,27900,169.965,678.152,56.5
ProvidenciaExampleScenario.node[1149].veinsmobility,13.8575,0,27844.5,27900,103.32,264.552,55.5
ProvidenciaExampleScenario.node[1150].veinsmobility,15.5857,5.33574,27844.5,27900,167.878,780.893,55.5
ProvidenciaExampleScenario.node[1151].veinsmobility,16.0181,5.5,27845,27900,143.171,705.032,55
ProvidenciaExampleScenario.node[1153].veinsmobility,21.0583,1.91391,27846,27900,189.363,682.314,54
ProvidenciaExampleScenario.node[1154].veinsmobility,16,3.5,27850,27900,161.29,714.129,50
ProvidenciaExampleScenario.node[1155].veinsmobility,21.9,0,27850,27900,172.222,560.675,50
ProvidenciaExampleScenario.node[1156].veinsmobility,13.7749,0,27850.5,27900,78.9879,189.786,49.5
ProvidenciaExampleScenario.node[1157].veinsmobility,16.25,0,27851.5,27900,114.259,239.39,48.5
ProvidenciaExampleScenario.node[1158].veinsmobility,13.75,0,27853,27900,74.1085,107.467,47
ProvidenciaExampleScenario.node[1159].veinsmobility,15.7,3.85023,27854,27900,151.905,650.975,46
ProvidenciaExampleScenario.node[1160].veinsmobility,17.1,2.40211,27854.5,27900,115.281,476.128,45.5
ProvidenciaExampleScenario.node[1161].veinsmobility,17.2586,0,27856,27900,144.562,521.92,44
ProvidenciaExampleScenario.node[1163].veinsmobility,19.25,6.9,27856.5,27900,168.644,701.222,43.5
ProvidenciaExampleScenario.node[1164].veinsmobility,22.0703,0,27856.5,27900,166.632,567.853,43.5
ProvidenciaExampleScenario.node[1165].veinsmobility,17.2628,0,27857,27900,141.182,516.654,43
ProvidenciaExampleScenario.node[1167].veinsmobility,18.5562,6.9,27857.5,27900,156.857,672.753,42.5
ProvidenciaExampleScenario.node[1168].veinsmobility,15,0,27858,27900,93.9974,244.162,42
ProvidenciaExampleScenario.node[1169].veinsmobility,16.1541,0,27858.5,27900,79.1181,269.627,41.5
ProvidenciaExampleScenario.node[1170].veinsmobility,15.65,0,27859.5,27900,77.4693,263.418,40.5
ProvidenciaExampleScenario.node[1171].veinsmobility,16.1491,0,27860.5,27900,116.958,452.061,39.5
ProvidenciaExampleScenario.node[1172].veinsmobility,15.5484,3.5,27862,27900,120.794,510.886,38
ProvidenciaExampleScenario.node[1173].veinsmobility,19.25,6.9,27862.5,27900,139.378,600.805,37.5
ProvidenciaExampleScenario.node[1174].veinsmobility,11,1.4907,27865.5,27900,54.6614,172.822,34.5
ProvidenciaExampleScenario.node[1175].veinsmobility,16,0,27866,27900,102.785,248.335,34
ProvidenciaExampleScenario.node[1176].veinsmobility,14.4119,0,27867,27900,64.4185,181.348,33
ProvidenciaExampleScenario.node[1177].veinsmobility,16.6293,0,27867.5,27900,71.572,261.754,32.5
ProvidenciaExampleScenario.node[1178].veinsmobility,16.9598,3.29908,27867.5,27900,111.324,437.782,32.5
ProvidenciaExampleScenario.node[1179].veinsmobility,15.85,1.02199,27870.5,27900,65.6598,268.88,29.5
ProvidenciaExampleScenario.node[1180].veinsmobility,18.9382,6.9,27870.5,27900,117.572,466.368,29.5
ProvidenciaExampleScenario.node[1181].veinsmobility,19.4,2.82833,27871.5,27900,129.497,434.377,28.5
ProvidenciaExampleScenario.node[1182].veinsmobility,15.65,0,27872,27900,57.5587,128.33,28
ProvidenciaExampleScenario.node[1183].veinsmobility,20.65,0,27875,27900,86.2447,350.212,25
ProvidenciaExampleScenario.node[1184].veinsmobility,14.6,2.92141,27875.5,27900,83.2276,214.354,24.5
ProvidenciaExampleScenario.node[1185].veinsmobility,22.5,6.9,27876.5,27900,138.259,419.46,23.5
ProvidenciaExampleScenario.node[1186].veinsmobility,16.05,6.9,27877,27900,77.2695,302.856,23
ProvidenciaExampleScenario.node[1187].veinsmobility,16,0,27877,27900,93.2136,249.955,23
ProvidenciaExampleScenario.node[1188].veinsmobility,16,3.5,27877,27900,88.3431,337.065,23
ProvidenciaExampleScenario.node[1189].veinsmobility,18.9807,0,27877.5,27900,76.2419,236.289,22.5
ProvidenciaExampleScenario.node[1190].veinsmobility,14.4,4.77942,27878.5,27900,73.0389,198.845,21.5
ProvidenciaExampleScenario.node[1191].veinsmobility,15.5,5.5,27878.5,27900,80.3101,286.366,21.5
ProvidenciaExampleScenario.node[1192].veinsmobility,16.2981,0,27879,27900,73.67,211.585,21
ProvidenciaExampleScenario.node[1193].veinsmobility,22.5,6.3,27879.5,27900,126.112,354.075,20.5
ProvidenciaExampleScenario.node[1194].veinsmobility,18.15,6.9,27881,27900,76.4622,283.229,19
ProvidenciaExampleScenario.node[1195].veinsmobility,12.4124,5.4,27881.5,27900,45.278,198.003,18.5
ProvidenciaExampleScenario.node[1196].veinsmobility,19.6,7.1,27882.5,27900,95.2126,265.555,17.5
ProvidenciaExampleScenario.node[1197].veinsmobility,16.2981,3.27759,27882.5,27900,61.2508,180.186,17.5
ProvidenciaExampleScenario.node[1198].veinsmobility,15.65,0,27883,27900,54.071,208.96,17
ProvidenciaExampleScenario.node[1199].veinsmobility,11,0,27883.5,27900,31.5179,39.85,16.5
ProvidenciaExampleScenario.node[1200].veinsmobility,10.6207,0,27884,27900,28.8171,54.3179,16
ProvidenciaExampleScenario.node[1201].veinsmobility,16,0,27885,27900,51.6529,153.8,15
ProvidenciaExampleScenario.node[1202].veinsmobility,21.8718,6.9,27885,27900,88.7598,247.002,15
ProvidenciaExampleScenario.node[1203].veinsmobility,14.4,6.9,27886,27900,43.6743,180.908,14
ProvidenciaExampleScenario.node[1204].veinsmobility,14.5,4,27886,27900,44.2239,124.252,14
ProvidenciaExampleScenario.node[1205].veinsmobility,15.7749,6.9,27886.5,27900,52.3565,191.584,13.5
ProvidenciaExampleScenario.node[1206].veinsmobility,17.9429,6.9,27886.5,27900,61.7765,191.02,13.5
ProvidenciaExampleScenario.node[1207].veinsmobility,16.6,5.4,27887,27900,53.4338,160.679,13
ProvidenciaExampleScenario.node[1208].veinsmobility,15.15,5.64991,27887,27900,47.8833,163.799,13
ProvidenciaExampleScenario.node[1209].veinsmobility,18.15,6.9,27891,27900,52.692,131.889,9
ProvidenciaExampleScenario.node[1210].veinsmobility,16.9,6.9,27892.5,27900,41.7866,100.14,7.5
ProvidenciaExampleScenario.node[1211].veinsmobility,15.7632,6.72803,27893,27900,36.9385,85.1323,7
ProvidenciaExampleScenario.node[1212].veinsmobility,15.65,6.9,27893.5,27900,35.0659,81.4873,6.5
ProvidenciaExampleScenario.node[1213].veinsmobility,16.9,6.9,27894,27900,39.3415,75.7699,6
ProvidenciaExampleScenario.node[1214].veinsmobility,6.19024,4.58384,27894,27900,9.8708,33.4111,6
ProvidenciaExampleScenario.node[1215].veinsmobility,15.65,6.9,27895,27900,32.8811,59.0419,5
ProvidenciaExampleScenario.node[1216].veinsmobility,14.75,3.5,27895,27900,34.0582,42.5001,5
ProvidenciaExampleScenario.node[1217].veinsmobility,15.65,6.9,27896,27900,31.6053,43.2107,4
ProvidenciaExampleScenario.node[1218].veinsmobility,14.6,7.1,27896.5,27900,26.194,35.9044,3.5
ProvidenciaExampleScenario.node[1219].veinsmobility,5.51082,4.65825,27897,27900,4.50668,16.338,3
ProvidenciaExampleScenario.node[1220].veinsmobility,11.4,5.9,27897,27900,16.3835,25.075,3
ProvidenciaExampleScenario.node[1221].veinsmobility,10.65,6.9,27898,27900,10.9596,16.3,2
ProvidenciaExampleScenario.node[1222].veinsmobility,10.65,6.9,27898,27900,10.9596,16.3,2
ProvidenciaExampleScenario.node[1223].veinsmobility,8.15,6.9,27899,27900,3.23177,6.89999,1
ProvidenciaExampleScenario.node[1224].veinsmobility,NaN,NaN,27900,27900,0,0,0
ProvidenciaExampleScenario.node[1225].veinsmobility,NaN,NaN,27900,27900,0,0,0
ProvidenciaExampleScenario.node[1226].veinsmobility,NaN,NaN,27900,27900,0,0,0
ProvidenciaExampleScenario.node[1227].veinsmobility,NaN,NaN,27900,27900,0,0,0
ProvidenciaExampleScenario.node[1228].veinsmobility,NaN,NaN,27900,27900,0,0,0
ProvidenciaExampleScenario.node[1229].veinsmobility,NaN,NaN,27900,27900,0,0,0
ProvidenciaExampleScenario.node[1230].veinsmobility,NaN,NaN,27900,27900,0,0,0
ProvidenciaExampleScenario.node[1231].veinsmobility,NaN,NaN,27900,27900,0,0,0
ProvidenciaExampleScenario.node[1232].veinsmobility,NaN,NaN,27900,27900,0,0,0
ProvidenciaExampleScenario.node[1233].veinsmobility,NaN,NaN,27900,27900,0,0,0
ProvidenciaExampleScenario.node[1234].veinsmobility,NaN,NaN,27900,27900,0,0,0
ProvidenciaExampleScenario.node[1235].veinsmobility,NaN,NaN,27900,27900,0,0,0
ProvidenciaExampleScenario.node[1236].veinsmobility,NaN,NaN,27900,27900,0,0,0
ProvidenciaExampleScenario.node[1237].veinsmobility,NaN,NaN,27900,27900,0,0,0
ProvidenciaExampleScenario.node[1238].veinsmobility,NaN,NaN,27900,27900,0,0,0
ProvidenciaExampleScenario.node[51].veinsmobility,16.3903,0,27052,27900,903.496,329.251,848
ProvidenciaExampleScenario.node[143].veinsmobility,15.85,0,27120,27900,1202.23,2452.04,780
ProvidenciaExampleScenario.node[149].veinsmobility,15.65,0,27124.5,27900,817.372,335.932,775.5
ProvidenciaExampleScenario.node[170].veinsmobility,16.1173,0,27136,27900,891.945,1021.44,764
ProvidenciaExampleScenario.node[199].veinsmobility,16.25,0,27161,27900,873.804,1001.1,739
ProvidenciaExampleScenario.node[207].veinsmobility,16.632,0,27165,27900,889.576,1014.43,735
ProvidenciaExampleScenario.node[222].veinsmobility,16.3411,0,27177,27900,860.396,1006.87,723
ProvidenciaExampleScenario.node[231].veinsmobility,12.0802,0,27180,27900,753.293,323.99,720
ProvidenciaExampleScenario.node[239].veinsmobility,15.3883,0,27180,27900,836.382,978.341,720
ProvidenciaExampleScenario.node[315].veinsmobility,15.551,0,27240,27900,1067.01,2420.7,660
ProvidenciaExampleScenario.node[342].veinsmobility,15.9329,0,27259.5,27900,688.062,271.196,640.5
ProvidenciaExampleScenario.node[357].veinsmobility,15.65,0,27273,27900,664.062,273.258,627
ProvidenciaExampleScenario.node[423].veinsmobility,16.6,0,27327.5,27900,625.995,275.708,572.5
ProvidenciaExampleScenario.node[425].veinsmobility,17.5,0,27330,27900,728.959,969.007,570
ProvidenciaExampleScenario.node[433].veinsmobility,15,0,27333.5,27900,614.117,282.449,566.5
ProvidenciaExampleScenario.node[463].veinsmobility,8.69269,0,27352.5,27900,546.49,111.715,547.5
ProvidenciaExampleScenario.node[470].veinsmobility,16.15,0,27360,27900,979.49,2572.96,540
ProvidenciaExampleScenario.node[471].veinsmobility,12.35,0,27360,27900,557.188,263.838,540
ProvidenciaExampleScenario.node[478].veinsmobility,15.7,-0.799988,27360,27900,905.156,2078.34,540
ProvidenciaExampleScenario.node[482].veinsmobility,15.95,0,27360,27900,673.373,973.41,540
ProvidenciaExampleScenario.node[523].veinsmobility,8.5,0,27388.5,27900,515.833,104.699,511.5
ProvidenciaExampleScenario.node[525].veinsmobility,13.7797,0,27393.5,27900,542.07,253.099,506.5
ProvidenciaExampleScenario.node[551].veinsmobility,15.8606,0,27410,27900,542.309,264.194,490
